-6.381359999999999810e-02 6.809519999999999462e-02 3.465630000000000099e-02
-6.621100000000000596e-02 1.804260000000000030e-01 -5.658330000000000304e-02
6.090870000000000312e-02 6.235609999999999764e-02 1.014819999999999958e-02
-1.543600000000000007e-03 1.302770000000000039e-01 1.865099999999999961e-03
-8.261350000000000637e-02 1.537239999999999995e-01 2.465699999999999836e-02
-1.465130000000000078e-02 4.968220000000000275e-02 -3.118949999999999848e-02
3.513000000000000064e-03 8.286079999999999834e-02 5.710239999999999760e-02
-5.387829999999999703e-02 9.991490000000000093e-02 -2.143890000000000032e-02
-1.752180000000000057e-02 1.871180000000000065e-01 -1.941479999999999942e-02
8.526499999999999357e-03 3.497440000000000271e-02 2.535690000000000166e-02
2.522049999999999986e-02 8.884129999999999805e-02 -2.327939999999999870e-02
-6.108439999999999703e-02 3.359820000000000167e-02 -7.475100000000000147e-03
-4.150319999999999704e-02 1.166750000000000009e-01 3.254920000000000035e-02
3.906620000000000231e-02 1.032789999999999958e-01 2.675409999999999941e-02
-8.784000000000000141e-02 1.050230000000000052e-01 1.436740000000000066e-02
-4.606450000000000128e-02 1.516879999999999895e-01 -5.548299999999999933e-03
-3.080259999999999942e-02 3.675640000000000157e-02 5.177740000000000120e-02
-7.852839999999999820e-02 1.231229999999999963e-01 5.163190000000000141e-02
-1.272919999999999954e-02 9.099630000000000218e-02 -3.664200000000000096e-02
3.492499999999999945e-03 1.182880000000000043e-01 3.851129999999999831e-02
3.527199999999999780e-02 6.601640000000000286e-02 3.863520000000000149e-02
-7.403880000000000183e-02 1.512660000000000116e-01 -3.287799999999999750e-02
3.081530000000000033e-02 5.255080000000000168e-02 -1.375219999999999915e-02
-2.463459999999999955e-02 3.827950000000000103e-02 2.943900000000000163e-03
-7.284179999999999822e-02 6.857040000000000357e-02 -1.494700000000000065e-03
-3.066119999999999957e-02 8.169840000000000435e-02 4.204909999999999898e-02
-5.916430000000000300e-02 3.417490000000000111e-02 2.639980000000000104e-02
-7.795509999999999939e-02 1.310280000000000056e-01 -6.064899999999999805e-03
-3.868549999999999767e-02 6.513850000000000195e-02 -1.424609999999999939e-02
-2.283179999999999932e-02 1.140950000000000020e-01 -1.680200000000000096e-02
2.767620000000000149e-02 1.183150000000000035e-01 -3.508600000000000173e-03
6.520399999999999981e-03 5.186389999999999750e-02 5.250180000000000125e-02
4.513720000000000232e-02 8.756189999999999807e-02 1.181600000000000098e-03
3.769709999999999728e-02 3.818030000000000035e-02 1.749519999999999895e-02
-5.482139999999999930e-02 1.438689999999999969e-01 2.953889999999999988e-02
-6.448539999999999828e-02 9.869870000000000032e-02 4.230629999999999807e-02
-3.980229999999999879e-02 3.381189999999999890e-02 -2.746610000000000024e-02
6.289399999999999678e-03 3.418410000000000198e-02 -1.877799999999999955e-02
-1.648840000000000028e-02 1.611160000000000092e-01 -8.178299999999999459e-03
-2.835640000000000036e-02 1.255870000000000042e-01 7.966799999999999576e-03
5.123199999999999629e-03 1.073029999999999956e-01 -2.031420000000000101e-02
1.230730000000000018e-02 6.384239999999999360e-02 -3.044880000000000156e-02
-7.989300000000000568e-02 9.496350000000000624e-02 -9.526200000000000292e-03
-5.227620000000000183e-02 1.236379999999999979e-01 -8.597499999999999240e-03
-7.138980000000000325e-02 1.605669999999999875e-01 -8.014099999999999696e-03
-9.279310000000000336e-02 1.269369999999999943e-01 2.826680000000000165e-02
-8.413589999999999958e-02 8.321009999999999518e-02 2.749700000000000061e-02
2.673479999999999954e-02 8.890720000000000567e-02 4.581319999999999837e-02
-5.582360000000000100e-02 5.266520000000000229e-02 8.469499999999999598e-03
-1.749739999999999976e-02 1.030309999999999976e-01 4.361290000000000305e-02
2.042000000000000065e-02 1.266589999999999938e-01 1.861880000000000132e-02
-1.553279999999999939e-02 3.865509999999999780e-02 2.976909999999999973e-02
-4.350280000000000119e-02 5.482830000000000342e-02 3.927939999999999904e-02
-3.702729999999999910e-02 1.740990000000000038e-01 -1.092210000000000056e-02
-1.548500000000000050e-02 6.738950000000000495e-02 5.435290000000000260e-02
-3.269670000000000215e-02 8.498279999999999723e-02 -2.655599999999999974e-02
2.318339999999999984e-02 4.221219999999999833e-02 4.025200000000000305e-02
-1.853679999999999911e-02 1.238149999999999945e-01 2.769129999999999855e-02
-6.419249999999999956e-02 1.583370000000000055e-01 -5.128569999999999657e-02
4.578179999999999750e-02 7.469030000000000113e-02 2.028529999999999917e-02
1.288339999999999971e-02 3.549499999999999877e-02 3.850600000000000030e-03
-7.755059999999999731e-02 1.727380000000000027e-01 -3.953840000000000132e-02
5.236829999999999957e-02 5.401009999999999839e-02 2.812469999999999901e-02
4.825870000000000160e-02 4.600859999999999672e-02 3.825999999999999757e-04
-6.476729999999999987e-02 7.950720000000000010e-02 -1.811039999999999872e-02
-4.834170000000000134e-02 1.371060000000000056e-01 1.039600000000000073e-02
-1.474439999999999952e-02 7.002139999999999753e-02 -3.825749999999999984e-02
-7.351230000000000264e-02 1.428059999999999885e-01 4.604640000000000122e-02
-5.475460000000000049e-02 3.597199999999999703e-02 4.657889999999999947e-02
-1.025850000000000026e-02 3.795910000000000256e-02 4.977449999999999930e-02
6.216000000000000171e-03 8.381399999999999961e-02 -3.341100000000000320e-02
2.249090000000000117e-02 1.111369999999999997e-01 3.737100000000000144e-02
-8.622770000000000434e-02 8.326709999999999667e-02 7.490899999999999989e-03
-9.180489999999999484e-02 1.268040000000000000e-01 8.268199999999999855e-03
-6.464860000000000051e-02 1.561889999999999945e-01 1.627009999999999915e-02
-6.050509999999999916e-02 1.283140000000000114e-01 4.061300000000000326e-02
-4.446760000000000296e-02 9.592150000000000676e-02 4.284380000000000133e-02
-4.673209999999999864e-02 3.375369999999999759e-02 6.173099999999999941e-03
4.122440000000000132e-02 7.039170000000000149e-02 -7.799799999999999962e-03
-2.342189999999999897e-02 5.374929999999999986e-02 4.249939999999999968e-02
-1.958150000000000168e-02 3.418670000000000042e-02 -2.008650000000000019e-02
-1.849740000000000065e-02 8.699619999999999576e-02 5.658049999999999885e-02
-6.545800000000000056e-03 3.849489999999999856e-02 1.005299999999999944e-02
-6.890440000000000453e-02 1.108439999999999981e-01 -1.114829999999999988e-02
-1.599999999999999928e-05 1.306720000000000104e-01 2.115710000000000160e-02
-4.326710000000000278e-02 4.658729999999999816e-02 -1.138879999999999927e-02
-8.711999999999999258e-03 1.711560000000000026e-01 -2.572320000000000162e-02
-8.573699999999999377e-02 1.109149999999999997e-01 3.877370000000000122e-02
-8.392670000000000685e-02 1.459820000000000007e-01 4.175500000000000392e-03
1.836880000000000110e-02 7.270719999999999961e-02 5.118480000000000252e-02
-3.968479999999999924e-02 3.444130000000000108e-02 3.555479999999999752e-02
-6.548740000000000117e-02 1.434429999999999872e-01 -1.208140000000000082e-02
-6.602439999999999698e-02 1.665530000000000066e-01 -2.624860000000000040e-02
2.820759999999999934e-02 7.068290000000000683e-02 -2.275349999999999942e-02
3.458019999999999844e-02 1.032620000000000066e-01 -1.133589999999999945e-02
-6.970060000000000144e-02 6.198619999999999824e-02 1.581609999999999960e-02
4.484000000000000138e-03 9.898239999999999816e-02 4.871110000000000023e-02
3.397700000000000026e-02 1.155950000000000033e-01 1.372209999999999923e-02
-5.149700000000000111e-02 7.766309999999999880e-02 4.346389999999999976e-02
3.023239999999999955e-02 3.741680000000000006e-02 2.330000000000000053e-05
5.798600000000000108e-03 3.478450000000000292e-02 4.299499999999999850e-02
-6.739939999999999820e-02 3.963520000000000237e-02 1.182270000000000022e-02
-4.249889999999999918e-02 1.667399999999999993e-01 3.816400000000000174e-03
-8.843629999999999547e-02 1.405049999999999910e-01 3.819159999999999916e-02
-5.764960000000000223e-02 6.294660000000000533e-02 -6.120800000000000025e-03
3.344499999999999817e-03 4.963429999999999925e-02 -2.979870000000000088e-02
-3.906250000000000000e-02 1.103640000000000038e-01 -1.881630000000000108e-02
-4.776840000000000253e-02 8.119659999999999378e-02 -2.051779999999999923e-02
-1.593839999999999840e-02 1.241680000000000006e-01 -5.452300000000000202e-03
-5.210379999999999873e-02 5.317059999999999842e-02 2.463299999999999865e-02
-7.068489999999999496e-02 8.194339999999999957e-02 4.063730000000000120e-02
1.343669999999999934e-02 1.216109999999999969e-01 -1.105109999999999947e-02
-3.009119999999999850e-02 1.566200000000000092e-01 2.157999999999999871e-04
-2.661909999999999971e-02 6.185530000000000195e-02 -3.045370000000000021e-02
-6.747880000000000544e-02 1.535890000000000033e-01 3.283370000000000039e-02
-1.004790000000000023e-02 3.884859999999999702e-02 -5.675799999999999942e-03
-1.688179999999999889e-02 1.001120000000000065e-01 -2.405370000000000077e-02
3.943159999999999721e-02 8.074009999999999521e-02 3.423450000000000104e-02
-2.997220000000000092e-02 5.234010000000000051e-02 -1.836370000000000016e-02
2.075470000000000093e-02 1.043099999999999999e-01 -1.846280000000000143e-02
-3.097710000000000047e-02 3.399169999999999969e-02 1.637730000000000088e-02
-9.178719999999999934e-02 1.433409999999999962e-01 1.716610000000000011e-02
2.385200000000000167e-02 5.778900000000000009e-02 4.490269999999999678e-02
-4.766469999999999735e-02 1.535900000000000043e-01 9.919400000000000092e-03
-6.544030000000000680e-02 1.141739999999999977e-01 4.405640000000000250e-02
5.469920000000000337e-02 4.786180000000000295e-02 1.419620000000000083e-02
3.750180000000000180e-02 5.270079999999999903e-02 3.160629999999999690e-02
-6.328839999999999466e-02 4.443629999999999802e-02 3.729319999999999857e-02
-7.791750000000000065e-02 9.541360000000000119e-02 3.614789999999999670e-02
-2.649819999999999953e-02 1.125189999999999940e-01 3.626320000000000238e-02
-4.108789999999999665e-02 1.280600000000000072e-01 3.419000000000000164e-04
-8.060799999999999910e-02 7.206819999999999893e-02 1.654979999999999993e-02
2.289590000000000028e-02 3.589010000000000117e-02 1.474040000000000072e-02
-4.281580000000000108e-02 1.265030000000000043e-01 1.901390000000000025e-02
-2.761639999999999928e-02 4.228980000000000239e-02 -2.936739999999999837e-02
-1.181940000000000074e-02 1.298239999999999950e-01 1.253179999999999919e-02
1.732140000000000069e-02 1.272679999999999922e-01 1.816899999999999982e-03
-4.862000000000000002e-04 6.893330000000000291e-02 5.651500000000000273e-02
-5.149820000000000092e-02 1.084279999999999966e-01 3.861320000000000030e-02
-2.949560000000000029e-02 6.600910000000000111e-02 3.849059999999999981e-02
-7.594120000000000037e-02 1.513579999999999925e-01 -1.787880000000000025e-02
4.135470000000000118e-02 1.028120000000000006e-01 1.182099999999999948e-03
-7.891349999999999754e-02 7.991449999999999942e-02 -7.577000000000000401e-03
-2.481150000000000022e-02 8.119600000000000428e-02 -3.777599999999999708e-02
-3.185009999999999925e-02 9.863689999999999958e-02 -2.282000000000000001e-02
-7.590600000000000298e-03 1.179670000000000024e-01 -1.501030000000000073e-02
-4.980160000000000142e-02 1.282880000000000131e-01 3.146229999999999860e-02
-3.116729999999999848e-02 3.864979999999999805e-02 -1.344680000000000007e-02
3.665639999999999871e-02 8.993199999999999805e-02 -1.517929999999999974e-02
4.439699999999999896e-02 9.455460000000000254e-02 1.715710000000000152e-02
-1.048439999999999962e-02 1.182659999999999961e-01 3.812200000000000311e-02
-9.499499999999999264e-03 5.177720000000000239e-02 5.149959999999999954e-02
1.112280000000000039e-02 9.608260000000000411e-02 -2.572879999999999959e-02
-6.394529999999999659e-02 1.677470000000000072e-01 -3.984039999999999804e-02
-2.347820000000000115e-02 1.742049999999999987e-01 -1.302940000000000001e-02
1.725420000000000079e-02 7.642350000000000532e-02 -2.855030000000000068e-02
-3.309030000000000304e-02 1.592500000000000027e-01 -1.282089999999999966e-02
-7.586899999999999721e-03 3.767970000000000347e-02 -2.547169999999999990e-02
-4.648030000000000217e-02 3.357840000000000130e-02 -1.370210000000000004e-02
-6.241180000000000339e-02 1.682389999999999997e-01 -6.119659999999999683e-02
-5.689389999999999725e-02 1.583509999999999918e-01 1.187700000000000084e-03
3.144170000000000298e-02 1.155390000000000028e-01 2.701380000000000101e-02
-7.330369999999999941e-02 1.555559999999999998e-01 5.917900000000000243e-03
4.711989999999999928e-02 7.280939999999999634e-02 6.978299999999999781e-03
-6.881110000000000004e-02 9.228970000000000229e-02 -1.647109999999999894e-02
-6.497120000000000672e-02 1.296940000000000037e-01 -8.753900000000000223e-03
-3.149359999999999660e-02 9.743499999999999384e-02 4.448699999999999877e-02
-9.349620000000000153e-02 1.174010000000000054e-01 1.730340000000000003e-02
-3.699099999999999871e-03 5.986169999999999686e-02 -3.403930000000000150e-02
1.748210000000000042e-02 9.900040000000000229e-02 4.696820000000000161e-02
1.927950000000000150e-02 1.221649999999999958e-01 3.109009999999999899e-02
2.967500000000000086e-03 3.903910000000000019e-02 -5.108299999999999647e-03
-7.850630000000000108e-02 1.624379999999999991e-01 -2.795790000000000081e-02
-5.628260000000000207e-02 1.381920000000000093e-01 -4.233400000000000010e-03
-6.158949999999999841e-02 1.553120000000000056e-01 -2.158289999999999861e-02
-4.038700000000000102e-03 9.943109999999999449e-02 -2.533900000000000041e-02
5.347289999999999682e-02 6.456270000000000064e-02 -6.317999999999999615e-04
-5.067250000000000226e-02 6.679380000000000039e-02 3.681899999999999756e-02
-7.287219999999999809e-02 3.555470000000000158e-02 1.035799999999999915e-03
1.830060000000000020e-02 3.833410000000000289e-02 -1.772450000000000067e-02
3.599929999999999797e-02 9.552230000000000443e-02 3.637900000000000161e-02
-2.773180000000000089e-02 3.857959999999999862e-02 3.271269999999999734e-02
-8.412619999999999820e-02 1.103449999999999986e-01 2.636509999999999895e-02
-8.705530000000000213e-02 1.184530000000000027e-01 2.446999999999999848e-04
2.233860000000000012e-02 5.788089999999999902e-02 -2.623090000000000144e-02
-4.520010000000000000e-02 1.651380000000000070e-01 -8.331099999999999270e-03
-8.873459999999999681e-02 9.563750000000000029e-02 2.240450000000000080e-02
-5.491000000000000221e-03 1.058859999999999940e-01 4.404380000000000100e-02
-7.499300000000000410e-03 9.256929999999999326e-02 5.627010000000000345e-02
1.595869999999999927e-02 8.740320000000000034e-02 5.129419999999999813e-02
-2.504129999999999898e-02 9.251969999999999639e-02 -3.226439999999999864e-02
4.445690000000000058e-02 4.448669999999999708e-02 2.597580000000000028e-02
-4.393049999999999733e-02 4.326320000000000165e-02 4.295449999999999963e-02
-3.849339999999999706e-02 1.056040000000000034e-01 3.865110000000000073e-02
-3.949830000000000008e-02 7.192139999999999644e-02 4.192939999999999862e-02
-9.176750000000000185e-02 1.269240000000000090e-01 4.033599999999999686e-02
-5.791419999999999901e-02 1.140010000000000051e-01 -1.511550000000000046e-02
5.427399999999999759e-03 3.367730000000000029e-02 1.319640000000000049e-02
-8.766870000000000218e-02 9.818949999999999900e-02 4.433300000000000261e-03
-6.405109999999999970e-02 1.396179999999999921e-01 3.901940000000000269e-02
-3.745110000000000106e-02 1.225669999999999954e-01 -9.613500000000000517e-03
-3.775600000000000050e-03 7.841199999999999559e-02 -3.703589999999999660e-02
-2.442189999999999986e-02 7.527029999999999832e-02 4.988309999999999966e-02
4.380000000000000077e-05 3.927359999999999879e-02 3.241369999999999668e-02
9.867400000000000129e-03 1.310590000000000088e-01 1.473310000000000071e-02
-7.801009999999999889e-02 1.113399999999999945e-01 -3.698100000000000172e-03
-7.502199999999999667e-03 7.875179999999999680e-02 5.771010000000000029e-02
5.760359999999999786e-02 7.173859999999999959e-02 1.631159999999999902e-02
4.346909999999999663e-02 6.242829999999999907e-02 2.908969999999999959e-02
-2.218880000000000158e-02 3.480679999999999885e-02 4.422949999999999798e-02
-3.876559999999999728e-02 4.593350000000000211e-02 -2.228439999999999935e-02
-6.473310000000000175e-02 6.063210000000000127e-02 5.476700000000000144e-03
-7.646529999999999994e-02 1.778069999999999928e-01 -5.197449999999999987e-02
-7.745440000000000658e-02 7.299300000000000233e-02 2.757070000000000007e-02
7.103499999999999572e-03 1.261690000000000034e-01 3.097350000000000103e-02
-6.143000000000000023e-03 3.854570000000000218e-02 2.277049999999999907e-02
1.437120000000000064e-02 4.937330000000000191e-02 -2.670660000000000048e-02
-5.007759999999999989e-02 1.367359999999999964e-01 2.195669999999999913e-02
-6.862070000000000669e-02 1.284530000000000116e-01 5.001019999999999771e-02
5.620760000000000339e-02 5.360419999999999768e-02 3.194100000000000064e-03
-3.311270000000000185e-02 1.233090000000000019e-01 2.395579999999999932e-02
-5.985449999999999798e-02 4.678270000000000345e-02 -3.271999999999999843e-04
3.091119999999999979e-02 7.548729999999999329e-02 4.296189999999999731e-02
-8.684219999999999440e-02 1.349360000000000004e-01 2.269399999999999976e-03
-6.269299999999999873e-02 1.568019999999999969e-01 -3.760310000000000041e-02
5.734050000000000258e-02 6.351919999999999789e-02 2.480210000000000053e-02
-6.009640000000000121e-02 3.347950000000000231e-02 3.700699999999999910e-03
-8.344509999999999428e-02 1.366570000000000007e-01 4.744960000000000150e-02
4.161460000000000159e-02 5.989150000000000029e-02 -4.073900000000000091e-03
-3.307599999999999950e-03 3.795369999999999994e-02 -1.472650000000000001e-02
-4.382939999999999753e-02 9.135550000000000614e-02 -2.241390000000000049e-02
-5.420230000000000187e-02 4.351619999999999794e-02 1.969100000000000017e-02
-5.880300000000000110e-02 8.830000000000000349e-02 -2.079119999999999926e-02
1.626750000000000071e-02 3.480869999999999798e-02 3.612189999999999845e-02
-6.249740000000000156e-02 8.760759999999999381e-02 4.514560000000000101e-02
-2.326200000000000056e-03 1.248859999999999970e-01 -8.443900000000000711e-03
-2.171690000000000079e-02 9.456639999999999491e-02 4.944479999999999709e-02
4.108520000000000227e-02 3.944990000000000302e-02 5.263900000000000176e-03
-2.050820000000000073e-02 4.744210000000000094e-02 5.085540000000000199e-02
-7.150900000000000312e-02 1.054940000000000044e-01 3.756990000000000329e-02
-7.253080000000000638e-02 1.610229999999999995e-01 -3.893549999999999789e-02
-7.504420000000000535e-02 1.126500000000000001e-01 4.872200000000000142e-02
-5.479219999999999924e-02 1.531879999999999908e-01 2.418659999999999907e-02
-1.919179999999999844e-02 1.741840000000000055e-01 -2.279919999999999863e-02
-5.963220000000000326e-02 6.044009999999999661e-02 2.282810000000000047e-02
-6.290250000000000008e-02 1.039859999999999951e-01 -1.764200000000000143e-02
3.174060000000000076e-02 1.074080000000000035e-01 3.379469999999999696e-02
-5.473370000000000318e-02 7.385450000000000348e-02 -1.741250000000000089e-02
-5.252399999999999951e-03 3.500869999999999677e-02 4.051810000000000134e-02
-8.325680000000000580e-02 1.542119999999999880e-01 1.412549999999999917e-02
-5.256450000000000011e-02 4.173129999999999895e-02 -1.015309999999999997e-02
2.178460000000000119e-02 1.153200000000000058e-01 -1.228740000000000041e-02
-7.600179999999999436e-02 1.632029999999999870e-01 -1.709859999999999852e-02
-6.461890000000000689e-02 6.913089999999999513e-02 -1.098730000000000019e-02
-7.554450000000000054e-02 6.686240000000000239e-02 8.574200000000000571e-03
2.756449999999999873e-02 1.220139999999999975e-01 8.442299999999999804e-03
-3.993750000000000078e-02 1.506810000000000094e-01 3.475199999999999904e-03
-6.855089999999999795e-02 6.513199999999999545e-02 2.569660000000000000e-02
1.223839999999999997e-02 6.443680000000000241e-02 5.278639999999999721e-02
-2.471199999999999786e-03 9.139200000000000101e-02 -3.495240000000000152e-02
3.269100000000000044e-03 6.826649999999999385e-02 -3.306350000000000261e-02
-5.060749999999999971e-02 3.352510000000000212e-02 -3.465499999999999831e-03
-3.573599999999999693e-02 7.401019999999999821e-02 -1.876610000000000084e-02
-1.385299999999999900e-03 4.247990000000000099e-02 4.686490000000000100e-02
4.492099999999999739e-03 1.085850000000000010e-01 4.194579999999999836e-02
2.886129999999999945e-02 5.206960000000000061e-02 3.798529999999999962e-02
-5.138079999999999731e-02 5.004329999999999889e-02 3.473140000000000255e-02
-1.965209999999999874e-02 3.862920000000000242e-02 -9.261999999999999400e-03
-8.206919999999999493e-02 7.481069999999999387e-02 3.515599999999999802e-03
-6.436949999999999616e-02 1.498770000000000102e-01 -2.987470000000000056e-02
-3.105170000000000152e-02 6.369610000000000549e-02 -2.143389999999999879e-02
-6.579440000000000288e-02 3.484179999999999916e-02 3.488349999999999784e-02
-9.889500000000000721e-03 1.073510000000000020e-01 -2.241280000000000008e-02
-1.188589999999999959e-02 1.638670000000000126e-01 -1.685149999999999842e-02
-6.913130000000000663e-02 1.708510000000000029e-01 -5.401659999999999795e-02
9.497800000000000686e-03 4.406310000000000088e-02 4.484559999999999935e-02
-9.291800000000000059e-02 1.188280000000000031e-01 3.429680000000000228e-02
-5.504429999999999740e-02 1.486740000000000006e-01 -2.047000000000000208e-03
3.238520000000000287e-02 4.616859999999999714e-02 -6.104799999999999637e-03
-5.201730000000000242e-02 1.462569999999999981e-01 1.740960000000000077e-02
-4.148240000000000260e-02 8.178670000000000384e-02 4.238370000000000332e-02
-5.449720000000000258e-02 9.596319999999999850e-02 4.360859999999999737e-02
2.452189999999999925e-02 3.827119999999999828e-02 3.112360000000000126e-02
-3.563759999999999845e-02 5.483409999999999673e-02 -1.050429999999999940e-02
-7.800500000000000489e-02 1.514540000000000053e-01 -1.885100000000000013e-03
-8.203979999999999606e-02 1.502719999999999889e-01 3.397000000000000020e-02
-6.052910000000000235e-02 3.376549999999999691e-02 1.587999999999999828e-02
-2.474499999999999963e-02 6.980609999999999593e-02 -3.605339999999999934e-02
-2.089030000000000054e-02 3.762089999999999879e-02 5.360999999999999793e-02
-1.031460000000000016e-02 1.803539999999999865e-01 -2.887750000000000039e-02
-2.297899999999999943e-02 3.808589999999999892e-02 2.334800000000000070e-02
-9.331700000000000064e-03 1.272790000000000032e-01 2.797449999999999937e-02
-5.496000000000000017e-03 6.052869999999999778e-02 5.559850000000000209e-02
-3.015249999999999875e-02 1.682069999999999954e-01 -1.693180000000000032e-02
2.514109999999999956e-02 1.020900000000000002e-01 4.179279999999999801e-02
5.929920000000000330e-02 5.667749999999999871e-02 1.817380000000000037e-02
-3.444339999999999902e-02 1.742059999999999997e-01 -1.549699999999999992e-03
-6.588600000000000012e-02 1.540499999999999925e-01 -1.175999999999999989e-04
-2.565260000000000110e-02 5.209559999999999885e-02 -2.699740000000000126e-02
1.207199999999999940e-02 1.140499999999999986e-01 -1.689869999999999914e-02
-3.239870000000000250e-02 1.160479999999999984e-01 -1.479779999999999984e-02
-8.656679999999999930e-02 1.189920000000000005e-01 4.830149999999999721e-02
-4.857380000000000031e-02 1.113770000000000038e-01 -1.782919999999999991e-02
-3.060819999999999860e-02 1.653020000000000045e-01 -5.818699999999999567e-03
4.458859999999999907e-02 8.333069999999999367e-02 2.416959999999999942e-02
2.402000000000000055e-03 4.190800000000000081e-02 -2.430370000000000100e-02
1.482720000000000045e-02 3.444339999999999902e-02 -9.772100000000000578e-03
-2.167569999999999913e-02 6.525699999999999557e-02 4.747509999999999925e-02
-5.635700000000000431e-03 4.669879999999999864e-02 -2.970750000000000127e-02
-4.768979999999999747e-02 6.795579999999999676e-02 -1.464840000000000066e-02
2.145600000000000111e-03 1.193759999999999960e-01 -1.457169999999999993e-02
-7.849330000000000196e-02 8.324249999999999705e-02 3.568210000000000132e-02
-3.650359999999999716e-02 4.780790000000000040e-02 3.958860000000000157e-02
-3.371099999999999791e-02 3.842620000000000063e-02 -4.501800000000000246e-03
-7.520730000000000470e-02 1.560950000000000115e-01 1.836370000000000016e-02
4.627429999999999738e-02 8.064630000000000409e-02 1.317360000000000059e-02
-9.047049999999999537e-02 1.350550000000000084e-01 1.321710000000000072e-02
4.502769999999999689e-02 9.458980000000000166e-02 7.167500000000000260e-03
4.283370000000000233e-02 7.895340000000000691e-02 -4.782800000000000246e-03
-2.645029999999999951e-02 1.816679999999999962e-01 -8.533799999999999372e-03
-2.444589999999999957e-02 1.565519999999999967e-01 -7.012599999999999910e-03
-1.283399999999999992e-02 1.286559999999999926e-01 3.493399999999999804e-03
-7.302569999999999895e-02 1.413510000000000044e-01 -7.305800000000000315e-03
-8.958109999999999684e-02 1.378769999999999996e-01 2.418549999999999867e-02
-4.463090000000000113e-02 5.632079999999999725e-02 -1.143850000000000075e-02
1.026640000000000018e-02 7.393039999999999334e-02 5.528349999999999931e-02
-6.400409999999999433e-02 4.179080000000000295e-02 2.767019999999999896e-02
3.368990000000000179e-02 3.572870000000000212e-02 9.693699999999999539e-03
1.796239999999999989e-02 4.899420000000000164e-02 4.330490000000000034e-02
-1.269439999999999978e-02 6.140079999999999844e-02 -3.626479999999999981e-02
3.892029999999999795e-02 1.083800000000000041e-01 1.616590000000000041e-02
-7.178120000000000334e-02 1.666150000000000131e-01 -4.599810000000000010e-02
3.774450000000000027e-02 1.101410000000000028e-01 5.016500000000000126e-03
-4.680079999999999657e-02 3.476569999999999661e-02 4.248840000000000255e-02
-5.534780000000000255e-02 5.471100000000000269e-02 -3.387499999999999886e-03
-4.189550000000000218e-02 3.366829999999999823e-02 2.693999999999999867e-02
-8.242610000000000214e-02 1.019380000000000008e-01 -4.563000000000000216e-03
4.097640000000000310e-02 7.253729999999999900e-02 3.107110000000000080e-02
-5.822719999999999979e-02 1.510650000000000048e-01 3.349800000000000000e-02
-8.426140000000000019e-02 8.575489999999999502e-02 -3.547799999999999825e-03
-4.665439999999999865e-02 1.191730000000000012e-01 -1.403710000000000027e-02
-6.989349999999999730e-02 1.223640000000000005e-01 -8.812699999999999700e-03
-7.388279999999999847e-02 1.035819999999999935e-01 -1.160890000000000012e-02
-1.561109999999999928e-02 4.072089999999999738e-02 -2.748010000000000036e-02
-1.270999999999999994e-03 1.239589999999999997e-01 3.380520000000000053e-02
1.727189999999999975e-02 3.485289999999999916e-02 2.543729999999999949e-02
2.129949999999999899e-02 6.646269999999999956e-02 -2.751059999999999964e-02
-3.896340000000000220e-02 1.283040000000000014e-01 1.143090000000000078e-02
1.419759999999999946e-02 8.500860000000000360e-02 -3.018519999999999884e-02
-2.429299999999999862e-02 1.242710000000000065e-01 2.119909999999999850e-02
-5.123380000000000295e-02 1.640959999999999919e-01 -1.929299999999999895e-03
-5.106750000000000178e-02 5.988029999999999742e-02 3.167060000000000014e-02
-1.450869999999999937e-02 5.878850000000000048e-02 5.188519999999999938e-02
4.929850000000000204e-02 5.613909999999999734e-02 -5.083299999999999798e-03
-1.626810000000000062e-02 1.185520000000000046e-01 -1.354780000000000047e-02
4.219620000000000315e-02 9.295489999999999309e-02 -4.798300000000000134e-03
-5.800969999999999738e-02 1.367259999999999864e-01 3.367909999999999654e-02
-6.021100000000000063e-02 1.205780000000000046e-01 -9.286700000000000163e-03
-3.032599999999999879e-02 4.499999999999999833e-02 4.963139999999999913e-02
-6.653610000000000080e-02 1.186399999999999955e-01 5.124240000000000045e-02
-6.918499999999999650e-02 1.560320000000000040e-01 2.484549999999999953e-02
-1.861619999999999941e-02 3.911830000000000168e-02 3.770180000000000059e-02
-2.547200000000000158e-02 8.516509999999999359e-02 5.204290000000000305e-02
9.443299999999999958e-03 1.289389999999999981e-01 -9.300000000000000541e-04
-6.639589999999999381e-02 1.482759999999999911e-01 3.937840000000000090e-02
3.643400000000000197e-03 9.603409999999999724e-02 -2.968410000000000146e-02
-2.731499999999999900e-02 1.199159999999999948e-01 2.907010000000000149e-02
-7.076870000000000382e-02 1.553559999999999941e-01 -4.692579999999999668e-02
-3.363630000000000092e-02 1.534359999999999891e-01 -6.747099999999999799e-03
-3.857769999999999949e-02 1.595000000000000029e-01 2.030199999999999800e-03
-5.547040000000000304e-02 1.573090000000000044e-01 9.407499999999999196e-03
-3.377349999999999797e-02 7.658089999999999342e-02 -2.650270000000000056e-02
-1.850500000000000062e-02 7.864060000000000494e-02 5.635699999999999737e-02
1.639380000000000004e-02 1.288439999999999863e-01 1.000490000000000060e-02
-7.684760000000000202e-02 1.484229999999999994e-01 4.023800000000000293e-02
-9.134889999999999677e-02 1.172959999999999975e-01 7.306299999999999947e-03
-8.083700000000000607e-02 1.207050000000000067e-01 -4.841200000000000364e-03
-7.704389999999999850e-02 1.548130000000000062e-01 -1.013209999999999979e-02
-6.349019999999999664e-02 1.069879999999999998e-01 3.926469999999999960e-02
-1.937699999999999839e-02 1.276780000000000137e-01 9.786500000000000060e-03
-3.978460000000000329e-02 8.413619999999999433e-02 -2.157639999999999905e-02
2.686190000000000105e-02 1.088230000000000031e-01 -1.330549999999999962e-02
9.341900000000000204e-03 5.535269999999999774e-02 -3.030340000000000117e-02
-2.315029999999999866e-02 1.215060000000000029e-01 -8.577500000000000055e-03
-5.026010000000000200e-02 5.430839999999999973e-02 1.664020000000000082e-02
3.295759999999999662e-02 7.531329999999999969e-02 -1.779789999999999844e-02
4.139120000000000299e-02 4.597590000000000010e-02 -4.218999999999999660e-03
-2.848840000000000053e-02 8.903339999999999865e-02 4.539180000000000298e-02
2.722909999999999914e-02 7.887160000000000004e-02 -2.319260000000000072e-02
-2.788639999999999869e-02 1.058370000000000005e-01 -2.224709999999999882e-02
-4.993159999999999960e-02 1.418220000000000036e-01 3.857800000000000205e-03
-7.266949999999999799e-02 1.716709999999999903e-01 -3.301779999999999993e-02
1.449469999999999925e-02 1.057830000000000020e-01 4.343989999999999657e-02
-6.219750000000000278e-02 1.662460000000000049e-01 -5.058730000000000171e-02
2.654010000000000050e-02 6.860180000000000444e-02 4.360519999999999674e-02
2.535669999999999938e-02 5.182319999999999982e-02 -2.163620000000000126e-02
1.049150000000000083e-02 1.140649999999999997e-01 3.877529999999999866e-02
-1.680109999999999937e-02 8.134650000000000214e-02 -3.931740000000000235e-02
2.064320000000000044e-02 1.211170000000000024e-01 -6.528800000000000402e-03
2.073550000000000046e-02 3.495580000000000215e-02 5.922499999999999813e-03
-8.681329999999999603e-02 8.469870000000000176e-02 1.547630000000000013e-02
-2.518650000000000055e-02 1.607949999999999935e-01 -1.395719999999999947e-02
-1.141610000000000021e-02 3.823030000000000178e-02 1.655399999999999927e-02
8.980800000000000588e-03 3.763940000000000341e-02 3.390080000000000177e-02
9.491499999999999937e-03 9.368759999999999588e-02 5.223629999999999940e-02
-2.979990000000000069e-02 1.243400000000000061e-01 1.172000000000000027e-04
-7.580560000000000076e-02 8.918629999999999614e-02 -1.391200000000000075e-02
-4.049230000000000190e-02 6.204280000000000211e-02 4.126389999999999919e-02
-3.984569999999999779e-02 9.854509999999999659e-02 -2.190869999999999970e-02
4.195870000000000155e-02 9.581919999999999327e-02 2.616169999999999954e-02
-9.036289999999999600e-02 1.152100000000000068e-01 2.529350000000000001e-02
-6.722730000000000372e-02 1.354470000000000118e-01 4.497020000000000184e-02
-8.881479999999999930e-02 1.444969999999999866e-01 3.139179999999999748e-02
-6.056980000000000003e-02 7.279069999999999985e-02 4.010989999999999694e-02
-8.903610000000000690e-02 1.460680000000000034e-01 1.017769999999999959e-02
-6.086119999999999725e-02 4.358630000000000143e-02 1.373180000000000060e-02
-2.082600000000000076e-02 8.821930000000000049e-02 -3.726630000000000220e-02
1.462029999999999927e-02 1.282230000000000036e-01 2.361970000000000042e-02
-1.483809999999999990e-02 3.863670000000000299e-02 -1.576839999999999839e-02
-3.833059999999999939e-02 3.793429999999999719e-02 4.372260000000000035e-02
-5.478519999999999918e-02 3.393460000000000226e-02 -1.200649999999999981e-02
2.925900000000000029e-02 1.203609999999999958e-01 1.763170000000000015e-02
-6.817370000000000374e-02 7.497900000000000398e-02 3.832979999999999721e-02
2.276239999999999861e-02 9.597930000000000350e-02 -2.162359999999999977e-02
-1.444669999999999982e-02 3.480760000000000104e-02 4.412230000000000318e-02
5.656379999999999741e-02 6.953270000000000284e-02 4.358199999999999574e-03
-5.000000000000000104e-04 9.522959999999999758e-02 5.451940000000000258e-02
-5.487419999999999798e-02 1.069299999999999973e-01 -1.847880000000000009e-02
-4.579690000000000150e-02 1.268309999999999993e-01 -6.056200000000000298e-03
-3.249099999999999992e-03 3.891529999999999989e-02 -6.482000000000000348e-04
-5.057910000000000184e-02 4.886569999999999803e-02 -8.267999999999999308e-03
-1.206199999999999937e-03 1.139809999999999990e-01 -1.878430000000000030e-02
-7.794779999999999764e-02 1.077020000000000061e-01 3.414699999999999680e-02
-3.958369999999999944e-02 3.369869999999999810e-02 -1.985369999999999843e-02
-6.459910000000000652e-02 1.624780000000000113e-01 -1.997830000000000092e-02
-9.789400000000000185e-03 8.411250000000000671e-02 -3.825669999999999765e-02
-7.177300000000000173e-03 9.998160000000000380e-02 4.852739999999999831e-02
-6.910020000000000051e-02 4.214529999999999665e-02 6.995999999999999832e-04
5.694099999999999683e-03 3.410019999999999718e-02 1.817599999999999945e-03
1.703520000000000034e-02 3.933559999999999834e-02 4.366439999999999905e-02
3.197030000000000011e-02 4.751369999999999899e-02 3.187580000000000274e-02
-6.303949999999999831e-02 1.369759999999999867e-01 -7.412400000000000412e-03
-8.892400000000000304e-02 1.515410000000000090e-01 2.110050000000000120e-02
-3.652899999999999897e-02 3.441759999999999958e-02 1.125830000000000060e-02
-7.817949999999999899e-02 1.652409999999999990e-01 -3.495829999999999771e-02
-5.848230000000000095e-02 8.049199999999999411e-02 4.368890000000000273e-02
-8.955939999999999734e-02 1.351549999999999974e-01 3.121020000000000044e-02
2.320909999999999987e-02 7.820739999999999637e-02 4.944459999999999827e-02
-7.731400000000000251e-03 6.701780000000000237e-02 -3.558159999999999795e-02
-3.949740000000000195e-02 9.027630000000000376e-02 4.311179999999999873e-02
-1.973830000000000029e-02 6.419099999999999806e-02 -3.621259999999999757e-02
-8.593929999999999625e-02 1.018349999999999950e-01 2.561240000000000044e-02
-6.756660000000000443e-02 1.637869999999999882e-01 -5.597570000000000323e-02
-6.295019999999999782e-02 1.510430000000000106e-01 -6.313700000000000215e-03
1.312679999999999923e-02 1.205380000000000063e-01 3.498160000000000158e-02
5.024599999999999726e-03 1.266950000000000021e-01 -6.497099999999999577e-03
-1.239400000000000094e-03 1.313149999999999873e-01 9.228500000000000592e-03
-1.190890000000000004e-02 1.289540000000000131e-01 2.120500000000000163e-02
2.976670000000000010e-02 1.001640000000000030e-01 -1.606199999999999989e-02
3.223999999999999869e-03 7.688459999999999739e-02 -3.510520000000000307e-02
1.038930000000000062e-02 4.343179999999999957e-02 -2.476369999999999960e-02
-8.098879999999999968e-02 1.007050000000000028e-01 3.199500000000000260e-02
-1.625390000000000168e-02 1.712509999999999866e-01 -1.668199999999999891e-02
-7.749689999999999357e-02 1.302790000000000059e-01 5.312270000000000186e-02
-2.601739999999999955e-02 3.510470000000000257e-02 -2.900830000000000075e-02
-1.248890000000000070e-02 9.648719999999999519e-02 5.225010000000000071e-02
4.321760000000000185e-02 4.017280000000000156e-02 1.306840000000000085e-02
-8.138700000000000101e-02 1.114499999999999935e-01 4.467170000000000168e-02
-4.203239999999999754e-02 1.715589999999999893e-01 -1.710600000000000055e-03
-6.200270000000000087e-02 1.725279999999999869e-01 -5.459710000000000257e-02
4.441930000000000184e-02 7.347739999999999827e-02 1.932000000000000069e-04
9.250200000000000089e-03 7.249759999999999538e-02 -3.282079999999999720e-02
-1.493299999999999923e-03 1.128050000000000025e-01 4.211659999999999709e-02
-5.758769999999999861e-02 3.439020000000000271e-02 3.354769999999999974e-02
-8.857450000000000045e-02 9.011420000000000541e-02 6.468500000000000291e-03
3.116910000000000167e-02 9.424490000000000645e-02 4.170290000000000108e-02
-6.513259999999999883e-02 1.574230000000000074e-01 -1.006340000000000012e-02
-3.451160000000000339e-02 1.111540000000000028e-01 3.609969999999999846e-02
-4.553120000000000084e-02 1.310520000000000018e-01 7.480800000000000123e-03
2.049770000000000064e-02 9.202409999999999757e-02 4.791750000000000176e-02
-5.281980000000000008e-02 9.273320000000000174e-02 -2.197390000000000107e-02
-6.192460000000000325e-02 1.615630000000000122e-01 -2.959169999999999856e-02
-8.333469999999999767e-02 8.980730000000000657e-02 3.043799999999999978e-02
-3.449540000000000245e-02 1.180070000000000008e-01 3.125490000000000212e-02
1.157550000000000072e-02 1.040029999999999982e-01 -2.016799999999999843e-02
-7.533890000000000031e-02 1.472199999999999898e-01 -1.085659999999999924e-02
7.499800000000000043e-03 5.895670000000000077e-02 5.352860000000000257e-02
-3.373000000000000130e-04 3.384539999999999771e-02 -2.163380000000000164e-02
-2.984130000000000116e-02 5.114860000000000240e-02 4.049080000000000040e-02
1.523400000000000058e-03 7.594819999999999349e-02 5.733549999999999758e-02
7.893900000000000569e-03 3.736310000000000325e-02 -1.008000000000000042e-02
-8.915100000000000455e-03 1.264149999999999996e-01 -6.009999999999999717e-03
-2.839440000000000019e-02 1.742239999999999900e-01 -7.793900000000000307e-03
-4.685629999999999656e-02 1.013769999999999949e-01 -2.154479999999999937e-02
-7.074779999999999958e-02 1.473089999999999955e-01 -2.783410000000000051e-02
2.528600000000000205e-03 3.580169999999999880e-02 2.157600000000000143e-02
-6.175139999999999796e-02 1.753329999999999889e-01 -6.147389999999999799e-02
1.015650000000000060e-02 8.602819999999999911e-02 5.518290000000000001e-02
2.351989999999999983e-02 1.238889999999999991e-01 2.675100000000000134e-03
-1.741840000000000055e-02 9.613819999999999311e-02 -2.992030000000000037e-02
-8.494200000000000361e-03 6.748110000000000219e-02 5.558450000000000196e-02
5.309300000000000304e-03 6.107909999999999728e-02 -3.140509999999999829e-02
-1.414329999999999928e-02 1.816039999999999877e-01 -2.230829999999999966e-02
-7.332410000000000316e-02 1.582469999999999988e-01 -3.191340000000000149e-02
4.552199999999999996e-02 8.057369999999999810e-02 2.194499999999999836e-03
-5.199039999999999911e-02 1.355750000000000011e-01 2.865519999999999873e-02
-4.218120000000000203e-02 1.230119999999999963e-01 2.511719999999999925e-02
-9.389999999999999736e-02 1.241329999999999933e-01 1.526199999999999952e-02
-3.582620000000000249e-02 9.292980000000000684e-02 -2.380310000000000065e-02
-5.743790000000000007e-02 5.768329999999999985e-02 2.603900000000000138e-03
-6.364839999999999387e-02 1.555900000000000061e-01 9.379699999999999496e-03
-2.902389999999999831e-02 9.185659999999999659e-02 -2.660239999999999827e-02
