-3.886959999999999721e-02 1.056470000000000048e-01 -2.025180000000000036e-02
5.758710000000000218e-02 5.235870000000000107e-02 1.917709999999999901e-02
-5.475460000000000049e-02 3.597199999999999703e-02 4.657889999999999947e-02
-7.365109999999999713e-02 1.806929999999999925e-01 -5.401779999999999776e-02
-8.305510000000000670e-02 1.285519999999999996e-01 5.153830000000000217e-02
-5.000000000000000104e-04 9.522959999999999758e-02 5.451940000000000258e-02
-1.058510000000000006e-02 3.374930000000000291e-02 -2.355120000000000130e-02
-8.711999999999999258e-03 1.711560000000000026e-01 -2.572320000000000162e-02
3.209449999999999803e-02 1.136130000000000057e-01 -4.415800000000000107e-03
-8.440110000000000667e-02 7.777969999999999329e-02 1.051470000000000009e-02
-6.870320000000000593e-02 1.557389999999999886e-01 2.705000000000000156e-04
5.798600000000000108e-03 3.478450000000000292e-02 4.299499999999999850e-02
-6.108439999999999703e-02 3.359820000000000167e-02 -7.475100000000000147e-03
-1.174440000000000033e-02 1.297780000000000045e-01 1.544809999999999933e-02
-4.949200000000000127e-02 9.177570000000000172e-02 4.420700000000000324e-02
5.230600000000000180e-03 7.963119999999999921e-02 -3.403869999999999812e-02
3.950399999999999745e-02 9.140020000000000089e-02 3.270839999999999859e-02
3.081530000000000033e-02 5.255080000000000168e-02 -1.375219999999999915e-02
-9.200880000000000170e-02 1.186679999999999957e-01 8.306400000000000242e-03
-3.258969999999999922e-02 6.665129999999999666e-02 -1.945169999999999885e-02
-4.868549999999999961e-02 1.310270000000000046e-01 2.783789999999999876e-02
-3.097710000000000047e-02 3.399169999999999969e-02 1.637730000000000088e-02
-1.996229999999999880e-02 6.247910000000000269e-02 4.867729999999999974e-02
-1.206199999999999937e-03 1.139809999999999990e-01 -1.878430000000000030e-02
-3.535189999999999860e-02 1.697730000000000072e-01 -3.279000000000000014e-04
1.927950000000000150e-02 1.221649999999999958e-01 3.109009999999999899e-02
-6.476729999999999987e-02 7.950720000000000010e-02 -1.811039999999999872e-02
1.767159999999999911e-02 6.588979999999999837e-02 5.009910000000000058e-02
-7.403880000000000183e-02 1.512660000000000116e-01 -3.287799999999999750e-02
6.593700000000000082e-03 3.454970000000000263e-02 5.308000000000000218e-03
4.552199999999999996e-02 8.057369999999999810e-02 2.194499999999999836e-03
-5.963220000000000326e-02 6.044009999999999661e-02 2.282810000000000047e-02
-9.099340000000000206e-02 1.488559999999999883e-01 2.213029999999999858e-02
-8.098879999999999968e-02 1.007050000000000028e-01 3.199500000000000260e-02
-6.194519999999999887e-02 1.238319999999999976e-01 -8.702500000000000166e-03
-2.552309999999999995e-02 1.098819999999999936e-01 3.911839999999999762e-02
-3.960869999999999669e-02 3.922839999999999661e-02 -2.785069999999999907e-02
3.197030000000000011e-02 4.751369999999999899e-02 3.187580000000000274e-02
-2.182560000000000056e-02 8.683200000000000640e-02 -3.765790000000000110e-02
-2.218880000000000158e-02 3.480679999999999885e-02 4.422949999999999798e-02
-3.585630000000000067e-02 1.268849999999999978e-01 7.881000000000000201e-04
2.832600000000000048e-02 8.829810000000000436e-02 -2.148169999999999941e-02
-6.639589999999999381e-02 1.482759999999999911e-01 3.937840000000000090e-02
3.355520000000000030e-02 3.607199999999999990e-02 7.485499999999999966e-03
-6.259720000000000562e-02 3.481560000000000210e-02 2.159960000000000005e-02
-1.269439999999999978e-02 6.140079999999999844e-02 -3.626479999999999981e-02
9.443299999999999958e-03 1.289389999999999981e-01 -9.300000000000000541e-04
-5.607519999999999866e-02 6.025950000000000056e-02 -4.461500000000000188e-03
-6.340079999999999327e-02 1.155270000000000047e-01 4.172420000000000295e-02
-2.568319999999999978e-02 8.785060000000000091e-02 5.077099999999999669e-02
-7.359390000000000376e-02 7.769500000000000017e-02 3.662599999999999884e-02
-6.409180000000000432e-02 1.586960000000000037e-01 -5.462449999999999944e-02
-4.249460000000000043e-02 6.199140000000000206e-02 4.078699999999999687e-02
1.335150000000000052e-02 5.668490000000000334e-02 -2.923299999999999857e-02
-7.388279999999999847e-02 1.035819999999999935e-01 -1.160890000000000012e-02
-4.930600000000000260e-02 1.477650000000000075e-01 1.100540000000000025e-02
5.228300000000000308e-02 5.599019999999999692e-02 -3.253999999999999948e-03
-8.226100000000000079e-03 3.845269999999999938e-02 2.242670000000000080e-02
1.606609999999999983e-02 3.491930000000000034e-02 -1.556130000000000013e-02
2.262079999999999994e-02 1.020940000000000042e-01 4.341140000000000276e-02
3.892029999999999795e-02 1.083800000000000041e-01 1.616590000000000041e-02
-2.391849999999999879e-02 3.833530000000000271e-02 -4.290000000000000410e-03
-9.291800000000000059e-02 1.188280000000000031e-01 3.429680000000000228e-02
-1.648840000000000028e-02 1.611160000000000092e-01 -8.178299999999999459e-03
3.857340000000000074e-02 6.995679999999999954e-02 3.464249999999999968e-02
-1.493299999999999923e-03 1.128050000000000025e-01 4.211659999999999709e-02
-8.766870000000000218e-02 9.818949999999999900e-02 4.433300000000000261e-03
-1.593839999999999840e-02 1.241680000000000006e-01 -5.452300000000000202e-03
-1.497599999999999973e-03 5.490230000000000110e-02 5.485419999999999879e-02
-7.266949999999999799e-02 1.716709999999999903e-01 -3.301779999999999993e-02
1.727189999999999975e-02 3.485289999999999916e-02 2.543729999999999949e-02
-1.887049999999999839e-02 1.044479999999999992e-01 -2.285660000000000122e-02
5.380650000000000016e-02 7.211860000000000492e-02 2.084880000000000067e-02
-4.579269999999999868e-02 8.699750000000000538e-02 -2.195860000000000173e-02
-6.493329999999999935e-02 1.451419999999999932e-01 -1.603399999999999964e-02
1.523400000000000058e-03 7.594819999999999349e-02 5.733549999999999758e-02
-8.621040000000000647e-02 1.404859999999999998e-01 5.184600000000000146e-03
1.696949999999999847e-02 1.072039999999999937e-01 -1.754479999999999928e-02
2.463800000000000018e-02 1.243780000000000024e-01 1.021400000000000086e-02
-1.752180000000000057e-02 1.871180000000000065e-01 -1.941479999999999942e-02
2.710479999999999834e-02 8.357779999999999376e-02 4.629620000000000263e-02
-8.563540000000000041e-02 1.432970000000000077e-01 3.955190000000000095e-02
-7.284179999999999822e-02 6.857040000000000357e-02 -1.494700000000000065e-03
-4.241469999999999962e-02 3.448849999999999832e-02 3.141610000000000236e-02
-4.673209999999999864e-02 3.375369999999999759e-02 6.173099999999999941e-03
4.344999999999999904e-03 9.731209999999999860e-02 -2.705799999999999872e-02
-4.349850000000000244e-02 1.125769999999999965e-01 3.573010000000000075e-02
-4.326710000000000278e-02 4.658729999999999816e-02 -1.138879999999999927e-02
-7.600179999999999436e-02 1.632029999999999870e-01 -1.709859999999999852e-02
3.293569999999999831e-02 7.108760000000000079e-02 -1.778089999999999879e-02
1.796239999999999989e-02 4.899420000000000164e-02 4.330490000000000034e-02
-2.977870000000000170e-02 1.251319999999999932e-01 1.774059999999999873e-02
-3.962340000000000306e-02 1.500269999999999937e-01 -4.098100000000000354e-03
5.123999999999999866e-04 1.279289999999999872e-01 2.858799999999999883e-02
-2.466559999999999933e-02 4.924030000000000074e-02 -2.690820000000000017e-02
-7.456780000000000352e-02 1.559309999999999863e-01 2.295900000000000024e-02
-5.170650000000000246e-02 1.638630000000000086e-01 2.418700000000000190e-03
-5.787830000000000058e-02 1.068980000000000069e-01 -1.798620000000000080e-02
-3.015249999999999875e-02 1.682069999999999954e-01 -1.693180000000000032e-02
-4.553569999999999840e-02 1.203169999999999934e-01 -1.324409999999999997e-02
-8.083700000000000607e-02 1.207050000000000067e-01 -4.841200000000000364e-03
4.049139999999999684e-02 9.852700000000000347e-02 -4.827099999999999967e-03
-8.001120000000000454e-02 8.268490000000000562e-02 -7.563000000000000278e-03
-1.547259999999999955e-02 1.236130000000000007e-01 3.078130000000000102e-02
-2.984130000000000116e-02 5.114860000000000240e-02 4.049080000000000040e-02
4.504219999999999752e-02 9.319239999999999469e-02 1.316190000000000068e-02
-6.448539999999999828e-02 9.869870000000000032e-02 4.230629999999999807e-02
-8.138700000000000101e-02 1.114499999999999935e-01 4.467170000000000168e-02
-4.642699999999999605e-03 4.820959999999999829e-02 -3.031359999999999957e-02
-6.662690000000000279e-02 1.312039999999999873e-01 4.583979999999999999e-02
-5.174320000000000308e-02 4.872989999999999960e-02 1.438429999999999917e-02
-5.719989999999999797e-02 6.845329999999999471e-02 3.750139999999999724e-02
-5.149259999999999948e-02 5.039989999999999748e-02 3.368199999999999666e-02
-9.242000000000000215e-04 3.927300000000000235e-02 -1.171610000000000013e-02
-5.471190000000000081e-02 1.462090000000000056e-01 2.841559999999999919e-02
-6.161459999999999854e-02 1.584319999999999895e-01 -2.558919999999999945e-02
-5.628260000000000207e-02 1.381920000000000093e-01 -4.233400000000000010e-03
4.741499999999999881e-02 5.398130000000000289e-02 3.149919999999999803e-02
-1.448190000000000068e-02 7.590210000000000012e-02 5.650829999999999742e-02
-8.442850000000000354e-02 8.324249999999999705e-02 2.647920000000000135e-02
9.867400000000000129e-03 1.310590000000000088e-01 1.473310000000000071e-02
5.656379999999999741e-02 6.953270000000000284e-02 4.358199999999999574e-03
-7.198580000000000256e-02 3.464819999999999706e-02 3.818300000000000166e-03
4.754289999999999905e-02 4.294629999999999975e-02 6.239100000000000028e-03
-3.278029999999999833e-02 7.931169999999999887e-02 -2.851990000000000081e-02
-6.142349999999999893e-02 1.722190000000000110e-01 -6.184130000000000182e-02
-1.488579999999999938e-02 9.850340000000000484e-02 4.737600000000000144e-02
1.273230000000000021e-02 8.605089999999999961e-02 5.365530000000000299e-02
-8.687240000000000240e-02 1.063569999999999932e-01 1.734890000000000043e-02
-4.768979999999999747e-02 6.795579999999999676e-02 -1.464840000000000066e-02
-8.626200000000000534e-03 3.946489999999999720e-02 3.765519999999999978e-02
-4.448479999999999795e-02 7.757650000000000656e-02 4.234360000000000207e-02
3.145479999999999804e-02 1.132060000000000011e-01 2.988120000000000012e-02
-8.407599999999999449e-03 9.322350000000000081e-02 -3.487080000000000041e-02
-2.645029999999999951e-02 1.816679999999999962e-01 -8.533799999999999372e-03
2.127640000000000087e-02 6.931379999999999486e-02 -2.776129999999999917e-02
-2.837469999999999923e-02 3.683220000000000244e-02 -1.866289999999999963e-02
-9.781899999999999623e-03 7.844550000000000134e-02 -3.777780000000000027e-02
-3.761439999999999922e-02 3.934939999999999966e-02 4.432900000000000035e-02
-5.985449999999999798e-02 4.678270000000000345e-02 -3.271999999999999843e-04
-6.534089999999999343e-02 6.009189999999999671e-02 9.437900000000000802e-03
-2.474499999999999963e-02 6.980609999999999593e-02 -3.605339999999999934e-02
2.813130000000000144e-02 5.919619999999999743e-02 4.231680000000000164e-02
-6.228449999999999959e-02 1.615449999999999942e-01 -4.059780000000000333e-02
-1.851339999999999930e-02 4.738629999999999926e-02 5.025999999999999912e-02
-3.283239999999999770e-02 9.296759999999999746e-02 -2.407940000000000080e-02
-6.523769999999999569e-02 4.195290000000000130e-02 3.370449999999999835e-02
-2.873879999999999837e-02 7.637099999999999445e-02 4.287950000000000095e-02
-4.781219999999999914e-02 1.340310000000000112e-01 6.404800000000000423e-03
-7.294839999999999658e-02 1.325649999999999884e-01 -7.812399999999999727e-03
-2.326200000000000056e-03 1.248859999999999970e-01 -8.443900000000000711e-03
-4.316899999999999904e-02 1.636469999999999869e-01 -1.010269999999999918e-02
2.064320000000000044e-02 1.211170000000000024e-01 -6.528800000000000402e-03
1.038930000000000062e-02 4.343179999999999957e-02 -2.476369999999999960e-02
3.441740000000000077e-02 4.303869999999999918e-02 -4.331299999999999734e-03
-9.162430000000000574e-02 1.310379999999999878e-01 2.822879999999999834e-02
-7.520390000000000408e-02 6.969780000000000419e-02 2.562489999999999907e-02
-4.648030000000000217e-02 3.357840000000000130e-02 -1.370210000000000004e-02
-5.848230000000000095e-02 8.049199999999999411e-02 4.368890000000000273e-02
-3.029230000000000117e-02 1.150319999999999954e-01 -1.574969999999999842e-02
-5.506660000000000027e-02 1.516349999999999920e-01 -2.157800000000000083e-03
4.040479999999999766e-02 6.612149999999999972e-02 -7.767600000000000372e-03
-3.249559999999999949e-02 1.193170000000000064e-01 2.955069999999999919e-02
9.536899999999999197e-03 1.030819999999999931e-01 4.592729999999999729e-02
-2.773180000000000089e-02 3.857959999999999862e-02 3.271269999999999734e-02
-6.881110000000000004e-02 9.228970000000000229e-02 -1.647109999999999894e-02
-6.092689999999999911e-02 1.558489999999999875e-01 2.194489999999999982e-02
4.521200000000000219e-02 8.197359999999999369e-02 2.216879999999999892e-02
1.958479999999999943e-02 3.599299999999999722e-02 6.608400000000000385e-03
2.976670000000000010e-02 1.001640000000000030e-01 -1.606199999999999989e-02
-3.648110000000000241e-02 9.318279999999999619e-02 4.419979999999999742e-02
4.216219999999999690e-02 4.275919999999999721e-02 2.524209999999999995e-02
1.050440000000000054e-02 1.154769999999999963e-01 3.818880000000000191e-02
-1.774109999999999923e-02 1.742200000000000137e-01 -1.705200000000000118e-02
-3.664760000000000240e-02 5.773629999999999735e-02 -1.113719999999999988e-02
9.620800000000000532e-03 1.194329999999999975e-01 -1.469570000000000078e-02
-7.430749999999999855e-02 1.707730000000000081e-01 -4.605499999999999872e-02
-5.937980000000000341e-02 3.351760000000000156e-02 7.409299999999999740e-03
3.793499999999999997e-03 3.933609999999999884e-02 3.132170000000000093e-02
-6.146959999999999924e-02 1.366920000000000079e-01 3.570940000000000225e-02
1.938530000000000114e-02 3.679670000000000163e-02 4.039999999999999841e-02
-6.461890000000000689e-02 6.913089999999999513e-02 -1.098730000000000019e-02
-1.349939999999999994e-02 8.840960000000000485e-02 5.696600000000000275e-02
-1.990959999999999952e-02 3.822419999999999984e-02 7.582900000000000057e-03
-3.049440000000000137e-02 6.458600000000000452e-02 3.839299999999999657e-02
-9.051470000000000349e-02 1.364589999999999970e-01 1.620200000000000112e-02
-6.545800000000000056e-03 3.849489999999999856e-02 1.005299999999999944e-02
-3.009119999999999850e-02 1.566200000000000092e-01 2.157999999999999871e-04
-8.325680000000000580e-02 1.542119999999999880e-01 1.412549999999999917e-02
4.295700000000000386e-03 6.405160000000000020e-02 -3.319690000000000141e-02
-1.025850000000000026e-02 3.795910000000000256e-02 4.977449999999999930e-02
-1.239400000000000094e-03 1.313149999999999873e-01 9.228500000000000592e-03
-8.928079999999999350e-02 8.886429999999999330e-02 1.245719999999999987e-02
2.667279999999999998e-02 7.131769999999999776e-02 4.381809999999999872e-02
-4.352570000000000050e-02 1.281829999999999914e-01 1.715560000000000002e-02
3.381440000000000140e-02 1.157239999999999935e-01 7.916100000000000567e-03
-1.319279999999999932e-02 1.143399999999999972e-01 -1.711330000000000143e-02
5.014999999999999927e-04 4.572960000000000219e-02 4.725410000000000027e-02
2.640179999999999957e-02 5.919750000000000012e-02 -2.282019999999999882e-02
-2.418620000000000145e-02 1.257890000000000119e-01 3.664999999999999855e-03
-4.066059999999999813e-02 1.565539999999999987e-01 6.017899999999999638e-03
-1.647260000000000044e-02 3.877819999999999878e-02 -1.435540000000000080e-02
5.782110000000000027e-02 5.374940000000000273e-02 7.176499999999999720e-03
-8.873459999999999681e-02 9.563750000000000029e-02 2.240450000000000080e-02
3.930290000000000172e-02 1.019499999999999990e-01 2.707110000000000072e-02
-7.594120000000000037e-02 1.513579999999999925e-01 -1.787880000000000025e-02
-7.696400000000000463e-02 6.864710000000000256e-02 1.025159999999999960e-02
3.116910000000000167e-02 9.424490000000000645e-02 4.170290000000000108e-02
-6.232039999999999802e-02 4.485030000000000266e-02 1.092360000000000032e-02
6.522700000000000199e-03 6.332079999999999653e-02 5.576779999999999932e-02
-2.617709999999999829e-02 3.953929999999999945e-02 5.411149999999999988e-02
5.603419999999999929e-02 6.221750000000000197e-02 2.646019999999999969e-02
-7.621799999999999409e-02 8.876069999999999793e-02 3.887970000000000315e-02
-7.499900000000000316e-03 6.474190000000000500e-02 5.608289999999999803e-02
-8.945709999999999773e-02 1.310340000000000116e-01 4.227039999999999964e-02
1.392209999999999975e-02 9.131519999999999915e-02 -2.870520000000000016e-02
-2.061750000000000041e-02 3.649220000000000241e-02 -2.810920000000000085e-02
4.736499999999999738e-02 7.358549999999999813e-02 1.094179999999999979e-02
-9.082429999999999670e-02 1.149939999999999990e-01 2.354699999999999849e-02
-5.249179999999999818e-02 1.070659999999999945e-01 3.974319999999999936e-02
-1.248649999999999934e-02 1.141279999999999933e-01 4.004950000000000176e-02
-7.451420000000000265e-02 1.386340000000000072e-01 4.881549999999999778e-02
-3.249099999999999992e-03 3.891529999999999989e-02 -6.482000000000000348e-04
-8.046010000000000661e-02 1.486830000000000096e-01 1.735999999999999913e-04
4.299500000000000370e-03 3.408520000000000300e-02 1.623549999999999993e-02
-7.850630000000000108e-02 1.624379999999999991e-01 -2.795790000000000081e-02
-5.283600000000000102e-02 9.561300000000000354e-02 -2.201149999999999982e-02
-8.434890000000000443e-02 9.253250000000000364e-02 -4.549100000000000366e-03
-7.549490000000000367e-02 1.170240000000000030e-01 5.220989999999999659e-02
-6.513259999999999883e-02 1.574230000000000074e-01 -1.006340000000000012e-02
-8.439580000000000692e-02 1.320800000000000030e-01 -1.654899999999999947e-03
-4.693300000000000076e-03 1.010510000000000019e-01 4.417610000000000287e-02
3.551340000000000052e-02 7.950050000000000172e-02 3.908009999999999956e-02
6.077359999999999707e-02 6.511669999999999958e-02 1.616290000000000088e-02
2.249090000000000117e-02 1.111369999999999997e-01 3.737100000000000144e-02
-3.702729999999999910e-02 1.740990000000000038e-01 -1.092210000000000056e-02
-4.049729999999999996e-02 4.921650000000000330e-02 3.959649999999999975e-02
-7.150900000000000312e-02 1.054940000000000044e-01 3.756990000000000329e-02
2.049770000000000064e-02 9.202409999999999757e-02 4.791750000000000176e-02
-1.320050000000000043e-02 1.288249999999999951e-01 4.807399999999999868e-03
-5.758769999999999861e-02 3.439020000000000271e-02 3.354769999999999974e-02
-7.189990000000000270e-02 1.135820000000000024e-01 -8.215999999999999345e-03
-7.076870000000000382e-02 1.553559999999999941e-01 -4.692579999999999668e-02
-7.283199999999999397e-02 1.624190000000000078e-01 -3.896360000000000101e-02
-2.548749999999999974e-02 9.597809999999999675e-02 4.383320000000000272e-02
-1.741840000000000055e-02 9.613819999999999311e-02 -2.992030000000000037e-02
-6.647490000000000343e-02 8.754779999999999507e-02 4.432969999999999966e-02
1.085430000000000075e-02 1.289549999999999863e-01 2.511559999999999834e-02
-6.876400000000000394e-03 1.059380000000000044e-01 -2.278300000000000117e-02
4.236290000000000194e-02 3.989639999999999853e-02 1.503739999999999938e-02
3.665639999999999871e-02 8.993199999999999805e-02 -1.517929999999999974e-02
-5.256450000000000011e-02 4.173129999999999895e-02 -1.015309999999999997e-02
3.739019999999999844e-02 5.614740000000000009e-02 -6.137799999999999680e-03
-6.476959999999999662e-02 1.480869999999999964e-01 -2.613920000000000132e-02
-2.997220000000000092e-02 5.234010000000000051e-02 -1.836370000000000016e-02
-2.297899999999999943e-02 3.808589999999999892e-02 2.334800000000000070e-02
