-8.979149999999999632e-02 1.350179999999999991e-01 8.218899999999999470e-03
-1.965209999999999874e-02 3.862920000000000242e-02 -9.261999999999999400e-03
1.312679999999999923e-02 1.205380000000000063e-01 3.498160000000000158e-02
-4.348500000000000282e-02 1.098670000000000063e-01 3.815310000000000229e-02
1.180010000000000087e-02 3.465900000000000231e-02 3.894559999999999689e-02
-3.207610000000000322e-02 4.472910000000000080e-02 -2.811309999999999851e-02
1.703520000000000034e-02 3.933559999999999834e-02 4.366439999999999905e-02
5.818439999999999723e-02 7.118570000000000453e-02 1.060640000000000020e-02
-4.349299999999999694e-02 1.057030000000000053e-01 4.086680000000000174e-02
2.706909999999999872e-02 9.424369999999999969e-02 4.456489999999999757e-02
-3.249559999999999949e-02 1.193170000000000064e-01 2.955069999999999919e-02
-7.248960000000000126e-02 1.274299999999999877e-01 5.243040000000000200e-02
-8.897280000000000466e-02 1.010080000000000006e-01 1.339249999999999989e-02
-6.146959999999999924e-02 1.366920000000000079e-01 3.570940000000000225e-02
-6.794630000000000114e-02 1.282359999999999889e-01 -9.061599999999999516e-03
-2.647439999999999863e-02 4.862020000000000231e-02 4.858250000000000068e-02
-4.878720000000000279e-02 5.456430000000000308e-02 3.522059999999999774e-02
3.930290000000000172e-02 1.019499999999999990e-01 2.707110000000000072e-02
2.232610000000000150e-02 1.166630000000000028e-01 3.421690000000000148e-02
-7.385099999999999998e-02 9.790229999999999766e-02 -1.385059999999999937e-02
-5.937980000000000341e-02 3.351760000000000156e-02 7.409299999999999740e-03
3.480670000000000291e-02 9.027060000000000639e-02 3.990590000000000109e-02
-5.158859999999999835e-02 4.607390000000000096e-02 1.768290000000000139e-02
5.301020000000000038e-02 4.629819999999999769e-02 1.320359999999999936e-02
3.412040000000000212e-02 7.818269999999999387e-02 4.058409999999999795e-02
-7.102970000000000117e-02 1.638100000000000112e-01 -4.596870000000000123e-02
-5.281149999999999733e-02 9.130610000000000115e-02 -2.218890000000000098e-02
-4.583679999999999699e-02 9.563760000000000316e-02 -2.192109999999999892e-02
-4.850290000000000157e-02 1.125720000000000054e-01 3.572499999999999981e-02
-1.633160000000000167e-02 1.668659999999999866e-01 -1.328430000000000062e-02
-6.783690000000000553e-02 7.064429999999999321e-02 3.511969999999999675e-02
1.732140000000000069e-02 1.272679999999999922e-01 1.816899999999999982e-03
-7.124289999999999790e-02 1.778859999999999886e-01 -5.600580000000000142e-02
-8.219920000000000004e-02 9.800129999999999952e-02 3.187510000000000343e-02
-8.407599999999999449e-03 9.322350000000000081e-02 -3.487080000000000041e-02
-4.723730000000000290e-02 1.343679999999999874e-01 1.715389999999999970e-02
-4.609900000000000109e-03 3.889080000000000314e-02 -2.761200000000000113e-03
-1.752180000000000057e-02 1.871180000000000065e-01 -1.941479999999999942e-02
2.911029999999999868e-02 7.131389999999999951e-02 4.206830000000000291e-02
6.216000000000000171e-03 8.381399999999999961e-02 -3.341100000000000320e-02
-3.451529999999999876e-02 7.806340000000000501e-02 -2.350170000000000037e-02
-3.761439999999999922e-02 3.934939999999999966e-02 4.432900000000000035e-02
3.857340000000000074e-02 6.995679999999999954e-02 3.464249999999999968e-02
-4.339110000000000189e-02 1.213639999999999997e-01 -1.235220000000000068e-02
5.911949999999999844e-02 5.666000000000000203e-02 8.174499999999999475e-03
-8.843629999999999547e-02 1.405049999999999910e-01 3.819159999999999916e-02
-2.731499999999999900e-02 1.199159999999999948e-01 2.907010000000000149e-02
-3.105170000000000152e-02 6.369610000000000549e-02 -2.143389999999999879e-02
-6.581860000000000488e-02 1.548519999999999897e-01 4.252299999999999656e-03
8.526499999999999357e-03 3.497440000000000271e-02 2.535690000000000166e-02
3.943159999999999721e-02 8.074009999999999521e-02 3.423450000000000104e-02
1.437120000000000064e-02 4.937330000000000191e-02 -2.670660000000000048e-02
1.626750000000000071e-02 3.480869999999999798e-02 3.612189999999999845e-02
-2.177290000000000128e-02 6.848170000000000646e-02 -3.726709999999999745e-02
5.946909999999999696e-02 6.778660000000000241e-02 8.130399999999999433e-03
-3.978170000000000317e-02 1.261220000000000119e-01 -5.374000000000000304e-03
-7.687299999999999689e-02 1.148659999999999959e-01 -5.050200000000000349e-03
-7.124289999999999790e-02 1.778859999999999886e-01 -5.600580000000000142e-02
1.462029999999999927e-02 1.282230000000000036e-01 2.361970000000000042e-02
-5.131959999999999994e-02 5.146950000000000136e-02 1.389040000000000066e-02
3.506399999999999795e-03 7.027669999999999750e-02 5.588230000000000280e-02
-6.760589999999999655e-02 1.418969999999999954e-01 -9.352400000000000296e-03
-4.071580000000000338e-02 1.719310000000000005e-01 -1.268100000000000087e-03
-3.149359999999999660e-02 9.743499999999999384e-02 4.448699999999999877e-02
-1.649770000000000056e-02 8.289050000000000584e-02 5.741380000000000094e-02
-3.548020000000000340e-02 3.659310000000000340e-02 -3.031760000000000010e-02
-1.996360000000000148e-02 6.683390000000000164e-02 5.135100000000000081e-02
2.073550000000000046e-02 3.495580000000000215e-02 5.922499999999999813e-03
-8.439580000000000692e-02 1.320800000000000030e-01 -1.654899999999999947e-03
-7.878119999999999568e-02 1.666559999999999986e-01 -3.196620000000000017e-02
-8.744330000000000158e-02 1.140729999999999938e-01 4.476490000000000330e-02
4.711989999999999928e-02 7.280939999999999634e-02 6.978299999999999781e-03
-3.662479999999999902e-02 1.279430000000000012e-01 7.862400000000000291e-03
-3.270870000000000027e-02 1.566039999999999932e-01 1.707500000000000033e-03
4.135470000000000118e-02 1.028120000000000006e-01 1.182099999999999948e-03
-2.649819999999999953e-02 1.125189999999999940e-01 3.626320000000000238e-02
1.648729999999999987e-02 1.287639999999999896e-01 1.288590000000000048e-02
-1.474439999999999952e-02 7.002139999999999753e-02 -3.825749999999999984e-02
-5.596199999999999786e-02 1.481619999999999882e-01 2.965220000000000009e-02
-6.312979999999999980e-02 1.449060000000000070e-01 -1.011959999999999943e-02
-6.290320000000000633e-02 1.547929999999999862e-01 3.897900000000000149e-03
-3.749369999999999786e-02 1.097569999999999935e-01 3.686090000000000200e-02
-8.908199999999999799e-03 3.898950000000000332e-02 -1.117160000000000028e-02
-1.741840000000000055e-02 9.613819999999999311e-02 -2.992030000000000037e-02
-7.045880000000000198e-02 1.095209999999999934e-01 3.806339999999999724e-02
-6.175139999999999796e-02 1.753329999999999889e-01 -6.147389999999999799e-02
-7.952170000000000072e-02 7.058290000000000397e-02 9.546300000000000618e-03
-1.916829999999999923e-02 3.367509999999999948e-02 -2.140219999999999970e-02
-2.773180000000000089e-02 3.857959999999999862e-02 3.271269999999999734e-02
-8.203979999999999606e-02 1.502719999999999889e-01 3.397000000000000020e-02
2.042000000000000065e-02 1.266589999999999938e-01 1.861880000000000132e-02
-3.782359999999999889e-02 9.147139999999999438e-02 -2.366559999999999844e-02
-9.004890000000000116e-02 1.378209999999999991e-01 1.419879999999999927e-02
-7.392940000000000622e-02 6.865010000000000556e-02 -5.157999999999999608e-04
-5.937980000000000341e-02 3.351760000000000156e-02 7.409299999999999740e-03
2.830380000000000049e-02 1.213670000000000027e-01 8.708999999999999728e-03
9.497800000000000686e-03 4.406310000000000088e-02 4.484559999999999935e-02
-2.952039999999999872e-02 6.073069999999999857e-02 -2.341920000000000113e-02
5.499079999999999940e-02 5.676230000000000164e-02 2.663959999999999939e-02
4.578179999999999750e-02 7.469030000000000113e-02 2.028529999999999917e-02
-2.349129999999999968e-02 1.030060000000000003e-01 4.345450000000000007e-02
2.632289999999999977e-02 1.226890000000000064e-01 1.938410000000000133e-02
2.318339999999999984e-02 4.221219999999999833e-02 4.025200000000000305e-02
-7.504420000000000535e-02 1.126500000000000001e-01 4.872200000000000142e-02
-6.241719999999999907e-02 5.990539999999999754e-02 4.796400000000000143e-03
-1.755510000000000057e-02 6.688929999999999876e-02 5.318610000000000004e-02
1.180010000000000087e-02 3.465900000000000231e-02 3.894559999999999689e-02
4.636470000000000175e-02 7.031869999999999787e-02 3.506399999999999795e-03
-1.251829999999999957e-02 9.523800000000000321e-02 5.363119999999999693e-02
-3.214039999999999953e-02 1.063479999999999981e-01 -2.060980000000000104e-02
-3.269670000000000215e-02 8.498279999999999723e-02 -2.655599999999999974e-02
3.458109999999999656e-02 3.680889999999999856e-02 1.628080000000000152e-02
-9.182519999999999571e-02 1.187610000000000054e-01 2.829900000000000124e-02
-5.800969999999999738e-02 1.367259999999999864e-01 3.367909999999999654e-02
-4.875560000000000310e-02 1.370560000000000112e-01 7.410299999999999873e-03
7.876799999999999774e-03 1.279270000000000129e-01 2.833810000000000148e-02
-7.893999999999999628e-02 1.295399999999999885e-01 -5.770299999999999908e-03
8.342499999999999222e-03 6.095079999999999942e-02 -3.051260000000000083e-02
-4.510799999999999706e-03 7.880639999999999867e-02 5.813159999999999855e-02
-1.951249999999999860e-02 8.005230000000000679e-02 5.672420000000000240e-02
9.497800000000000686e-03 4.406310000000000088e-02 4.484559999999999935e-02
2.249090000000000117e-02 1.111369999999999997e-01 3.737100000000000144e-02
3.839159999999999795e-02 4.296799999999999925e-02 -3.374799999999999849e-03
-5.303490000000000287e-02 4.483240000000000142e-02 1.769640000000000102e-02
-1.540610000000000070e-02 1.854750000000000010e-01 -2.560899999999999982e-02
-8.339009999999999478e-02 7.627290000000000458e-02 4.512999999999999651e-03
6.955099999999999651e-03 9.821770000000000500e-02 -2.399360000000000034e-02
1.085430000000000075e-02 1.289549999999999863e-01 2.511559999999999834e-02
-7.594120000000000037e-02 1.513579999999999925e-01 -1.787880000000000025e-02
-9.389999999999999736e-02 1.241329999999999933e-01 1.526199999999999952e-02
-6.757019999999999693e-02 1.662619999999999931e-01 -2.251749999999999932e-02
-2.865700000000000105e-03 1.045060000000000017e-01 -2.265230000000000021e-02
-4.756910000000000305e-02 4.897340000000000027e-02 -9.364799999999999514e-03
-9.287460000000000160e-02 1.228339999999999987e-01 2.828280000000000030e-02
-6.476729999999999987e-02 7.950720000000000010e-02 -1.811039999999999872e-02
4.253579999999999861e-02 7.104180000000000217e-02 2.800889999999999977e-02
-8.653859999999999331e-02 1.472789999999999933e-01 3.329359999999999958e-02
1.874069999999999903e-02 7.409640000000000670e-02 5.174770000000000064e-02
-8.219920000000000004e-02 9.800129999999999952e-02 3.187510000000000343e-02
1.449469999999999925e-02 1.057830000000000020e-01 4.343989999999999657e-02
-8.831550000000000511e-02 1.391779999999999962e-01 3.949960000000000276e-02
-3.849339999999999706e-02 1.056040000000000034e-01 3.865110000000000073e-02
-2.733829999999999941e-02 1.712299999999999933e-01 -9.841799999999999507e-03
-7.832680000000000198e-02 8.043050000000000199e-02 3.419409999999999811e-02
-3.948299999999999726e-02 1.125659999999999994e-01 3.550310000000000271e-02
-3.949740000000000195e-02 9.027630000000000376e-02 4.311179999999999873e-02
1.747040000000000051e-02 1.044000000000000067e-01 4.428819999999999979e-02
-7.351230000000000264e-02 1.428059999999999885e-01 4.604640000000000122e-02
-3.355829999999999924e-02 1.168779999999999958e-01 -1.364660000000000005e-02
-3.857769999999999949e-02 1.595000000000000029e-01 2.030199999999999800e-03
-8.045679999999999499e-02 1.386219999999999952e-01 4.811669999999999836e-02
-2.481150000000000022e-02 8.119600000000000428e-02 -3.777599999999999708e-02
-6.515400000000000358e-02 1.649720000000000075e-01 -2.449370000000000019e-02
4.135470000000000118e-02 1.028120000000000006e-01 1.182099999999999948e-03
5.782110000000000027e-02 5.374940000000000273e-02 7.176499999999999720e-03
-8.448509999999999354e-02 7.780449999999999866e-02 9.519299999999999637e-03
-6.870320000000000593e-02 1.557389999999999886e-01 2.705000000000000156e-04
-2.954729999999999857e-02 3.582819999999999755e-02 5.213620000000000060e-02
-6.311419999999999531e-02 1.783339999999999925e-01 -5.835760000000000253e-02
-6.205150000000000249e-02 3.592700000000000060e-02 2.046069999999999833e-02
-7.127709999999999602e-02 6.485849999999999949e-02 2.165300000000000211e-03
-5.755810000000000093e-02 5.078490000000000087e-02 1.635200000000000065e-03
4.044860000000000122e-02 7.453970000000000040e-02 -8.795400000000000093e-03
-7.941670000000000673e-02 1.372359999999999969e-01 4.957849999999999757e-02
1.791850000000000040e-02 1.219959999999999933e-01 -7.478600000000000178e-03
3.368990000000000179e-02 3.572870000000000212e-02 9.693699999999999539e-03
1.392209999999999975e-02 9.131519999999999915e-02 -2.870520000000000016e-02
-3.622170000000000251e-02 3.358370000000000105e-02 -2.281110000000000082e-02
-9.635700000000000515e-03 3.836330000000000295e-02 2.041269999999999890e-02
-6.794630000000000114e-02 1.282359999999999889e-01 -9.061599999999999516e-03
1.350669999999999996e-02 1.195999999999999980e-01 3.539849999999999941e-02
-2.583589999999999845e-02 9.451429999999999554e-02 -2.661470000000000155e-02
-7.714400000000000424e-02 1.645389999999999908e-01 -2.306220000000000145e-02
-4.408129999999999687e-02 3.363920000000000105e-02 -1.143579999999999944e-02
1.967399999999999791e-03 3.700509999999999911e-02 -1.468470000000000018e-02
-3.886959999999999721e-02 1.056470000000000048e-01 -2.025180000000000036e-02
-6.056980000000000003e-02 7.279069999999999985e-02 4.010989999999999694e-02
-8.178789999999999671e-02 7.348169999999999702e-02 7.537199999999999976e-03
2.286670000000000022e-02 1.073059999999999986e-01 -1.566839999999999899e-02
-5.369480000000000086e-02 6.616030000000000522e-02 -1.073750000000000052e-02
-4.387819999999999915e-02 3.431449999999999778e-02 2.949540000000000148e-02
-6.375550000000000661e-02 3.366849999999999704e-02 -6.251800000000000065e-03
1.497400000000000076e-03 9.695879999999999777e-02 -2.867909999999999904e-02
-2.873879999999999837e-02 7.637099999999999445e-02 4.287950000000000095e-02
-1.031460000000000016e-02 1.803539999999999865e-01 -2.887750000000000039e-02
-5.916430000000000300e-02 3.417490000000000111e-02 2.639980000000000104e-02
-9.065829999999999722e-02 1.281499999999999861e-01 6.275099999999999602e-03
-7.655180000000000318e-02 1.542100000000000137e-01 -8.997000000000000223e-04
1.343669999999999934e-02 1.216109999999999969e-01 -1.105109999999999947e-02
-5.475460000000000049e-02 3.597199999999999703e-02 4.657889999999999947e-02
4.078060000000000018e-02 7.175919999999999521e-02 -8.763800000000000409e-03
2.125519999999999840e-02 7.770779999999999355e-02 -2.668509999999999979e-02
-3.775600000000000050e-03 7.841199999999999559e-02 -3.703589999999999660e-02
-6.295019999999999782e-02 1.510430000000000106e-01 -6.313700000000000215e-03
2.296509999999999871e-02 9.288570000000000160e-02 4.744099999999999706e-02
-3.309030000000000304e-02 1.592500000000000027e-01 -1.282089999999999966e-02
1.917440000000000117e-02 1.257749999999999979e-01 2.387490000000000098e-02
-5.449720000000000258e-02 9.596319999999999850e-02 4.360859999999999737e-02
-1.958150000000000168e-02 3.418670000000000042e-02 -2.008650000000000019e-02
-2.543120000000000103e-02 3.795110000000000150e-02 2.116509999999999919e-02
-1.990959999999999952e-02 3.822419999999999984e-02 7.582900000000000057e-03
-2.997220000000000092e-02 5.234010000000000051e-02 -1.836370000000000016e-02
-1.922890000000000016e-02 1.786190000000000000e-01 -2.356729999999999936e-02
5.694099999999999683e-03 3.410019999999999718e-02 1.817599999999999945e-03
4.458859999999999907e-02 8.333069999999999367e-02 2.416959999999999942e-02
-8.178789999999999671e-02 7.348169999999999702e-02 7.537199999999999976e-03
-1.141610000000000021e-02 3.823030000000000178e-02 1.655399999999999927e-02
2.225670000000000079e-02 7.347470000000000390e-02 -2.674999999999999947e-02
-7.238930000000000364e-02 1.724980000000000124e-01 -3.577720000000000206e-02
-4.806939999999999824e-02 1.531649999999999956e-01 -5.669500000000000060e-03
-5.210379999999999873e-02 5.317059999999999842e-02 2.463299999999999865e-02
3.985430000000000222e-02 1.027789999999999954e-01 2.517899999999999999e-02
-4.408129999999999687e-02 3.363920000000000105e-02 -1.143579999999999944e-02
-3.278029999999999833e-02 7.931169999999999887e-02 -2.851990000000000081e-02
-5.208779999999999660e-02 4.894749999999999795e-02 2.264810000000000087e-02
4.512500000000000018e-03 6.477199999999999624e-02 5.636349999999999694e-02
-7.716989999999999961e-02 1.544220000000000037e-01 4.557399999999999646e-03
9.443299999999999958e-03 1.289389999999999981e-01 -9.300000000000000541e-04
-7.365109999999999713e-02 1.806929999999999925e-01 -5.401779999999999776e-02
-8.673160000000000591e-02 1.004670000000000007e-01 2.502319999999999892e-02
-7.667499999999999316e-02 1.540769999999999917e-01 1.073999999999999949e-04
1.304000000000000038e-03 1.286470000000000113e-01 -2.520999999999999804e-03
-2.740379999999999899e-02 1.232850000000000057e-01 2.155939999999999940e-02
-5.138079999999999731e-02 5.004329999999999889e-02 3.473140000000000255e-02
-7.359390000000000376e-02 7.769500000000000017e-02 3.662599999999999884e-02
-1.887049999999999839e-02 1.044479999999999992e-01 -2.285660000000000122e-02
-9.006889999999999341e-02 1.324339999999999962e-01 3.920740000000000336e-02
3.725230000000000208e-02 6.461129999999999651e-02 3.620559999999999751e-02
4.348359999999999725e-02 7.340190000000000603e-02 -2.792199999999999890e-03
2.767620000000000149e-02 1.183150000000000035e-01 -3.508600000000000173e-03
-4.782990000000000158e-02 9.418400000000000383e-02 -2.192409999999999845e-02
3.299769999999999787e-02 5.143059999999999993e-02 -7.635399999999999653e-03
-6.493329999999999935e-02 1.451419999999999932e-01 -1.603399999999999964e-02
-6.532580000000000331e-02 1.400470000000000048e-01 -7.705700000000000223e-03
1.938530000000000114e-02 3.679670000000000163e-02 4.039999999999999841e-02
1.947449999999999876e-02 8.515190000000000259e-02 5.025600000000000206e-02
-2.096649999999999903e-02 3.868579999999999935e-02 -1.143659999999999989e-02
-2.552309999999999995e-02 1.098819999999999936e-01 3.911839999999999762e-02
-8.557300000000000323e-03 1.191569999999999990e-01 -1.427119999999999951e-02
-7.403980000000000283e-02 1.457960000000000089e-01 -1.185699999999999948e-02
-5.755810000000000093e-02 5.078490000000000087e-02 1.635200000000000065e-03
-6.515400000000000358e-02 1.649720000000000075e-01 -2.449370000000000019e-02
9.250200000000000089e-03 7.249759999999999538e-02 -3.282079999999999720e-02
-1.350449999999999914e-02 8.703420000000000600e-02 5.710609999999999992e-02
-2.850000000000000157e-05 3.915069999999999661e-02 -5.805399999999999623e-03
-9.029120000000000201e-02 1.364549999999999930e-01 1.520009999999999938e-02
3.307829999999999798e-02 5.345280000000000170e-02 3.532090000000000229e-02
-1.913969999999999907e-02 9.203160000000000507e-02 5.399790000000000145e-02
-1.584469999999999976e-02 1.631180000000000130e-01 -1.624839999999999965e-02
-7.359820000000000251e-02 1.102759999999999990e-01 4.381560000000000316e-02
-4.154390000000000166e-02 1.483260000000000134e-01 -1.684900000000000026e-03
-8.186720000000000108e-02 1.206829999999999986e-01 -4.333000000000000046e-03
-2.761639999999999928e-02 4.228980000000000239e-02 -2.936739999999999837e-02
-7.158380000000000298e-02 1.581909999999999983e-01 -4.092549999999999660e-02
8.932100000000000109e-03 1.243930000000000036e-01 3.307530000000000192e-02
-7.643079999999999319e-02 1.158499999999999946e-01 5.118199999999999833e-02
-9.282160000000000410e-02 1.228660000000000030e-01 3.427419999999999772e-02
-6.588600000000000012e-02 1.540499999999999925e-01 -1.175999999999999989e-04
4.308519999999999711e-02 9.730489999999999973e-02 2.116250000000000075e-02
-6.449309999999999765e-02 1.056210000000000065e-01 3.980399999999999910e-02
-3.845389999999999919e-02 1.623489999999999933e-01 4.138999999999999776e-04
2.232610000000000150e-02 1.166630000000000028e-01 3.421690000000000148e-02
-9.065829999999999722e-02 1.281499999999999861e-01 6.275099999999999602e-03
-4.241469999999999962e-02 3.448849999999999832e-02 3.141610000000000236e-02
-3.584240000000000342e-02 9.577099999999999502e-02 -2.319859999999999978e-02
-6.231640000000000096e-02 1.536720000000000030e-01 -3.060629999999999948e-02
-7.332410000000000316e-02 1.582469999999999988e-01 -3.191340000000000149e-02
4.312010000000000148e-02 9.590540000000000176e-02 2.316860000000000100e-02
4.040479999999999766e-02 6.612149999999999972e-02 -7.767600000000000372e-03
-6.445489999999999553e-02 4.325400000000000078e-02 3.269249999999999934e-02
-4.915370000000000156e-02 1.355030000000000123e-01 3.422800000000000148e-03
-8.612559999999999660e-02 9.378910000000000025e-02 2.745260000000000061e-02
-7.846670000000000034e-02 1.414030000000000009e-01 4.681679999999999869e-02
-3.688890000000000224e-02 1.099409999999999971e-01 -1.917790000000000120e-02
-4.316899999999999904e-02 1.636469999999999869e-01 -1.010269999999999918e-02
-1.345400000000000068e-03 9.994069999999999343e-02 4.908880000000000188e-02
-4.260760000000000242e-02 3.385490000000000027e-02 6.917300000000000358e-03
-7.941670000000000673e-02 1.372359999999999969e-01 4.957849999999999757e-02
2.756449999999999873e-02 1.220139999999999975e-01 8.442299999999999804e-03
-8.653940000000000243e-02 1.090890000000000054e-01 1.833780000000000132e-02
-2.850000000000000157e-05 3.915069999999999661e-02 -5.805399999999999623e-03
-1.996360000000000148e-02 6.683390000000000164e-02 5.135100000000000081e-02
-6.871579999999999355e-02 1.716260000000000008e-01 -3.727140000000000314e-02
-1.905640000000000112e-02 9.200609999999999344e-02 -3.571080000000000088e-02
-1.350449999999999914e-02 8.703420000000000600e-02 5.710609999999999992e-02
-5.007759999999999989e-02 1.367359999999999964e-01 2.195669999999999913e-02
-3.866850000000000148e-02 6.216370000000000229e-02 -1.273020000000000054e-02
1.103789999999999979e-02 7.124450000000000227e-02 5.460460000000000313e-02
-6.476729999999999987e-02 7.950720000000000010e-02 -1.811039999999999872e-02
6.711199999999999631e-03 3.537389999999999979e-02 2.462659999999999849e-02
-1.782709999999999850e-02 8.553790000000000004e-02 -3.884549999999999809e-02
-8.413139999999999508e-02 7.767580000000000318e-02 4.499300000000000348e-03
5.581479999999999775e-02 4.934759999999999841e-02 1.719570000000000126e-02
-2.342189999999999897e-02 5.374929999999999986e-02 4.249939999999999968e-02
-5.630020000000000163e-02 1.546810000000000129e-01 2.071649999999999880e-02
-7.770649999999999780e-02 1.556919999999999971e-01 1.457460000000000006e-02
-6.062800000000000133e-02 5.880719999999999698e-02 7.945499999999999438e-03
-9.178719999999999934e-02 1.433409999999999962e-01 1.716610000000000011e-02
3.521629999999999899e-02 3.672580000000000289e-02 1.465630000000000058e-02
2.320909999999999987e-02 7.820739999999999637e-02 4.944459999999999827e-02
-1.392879999999999986e-02 8.837050000000000460e-02 -3.802869999999999862e-02
-4.788719999999999782e-02 3.353359999999999674e-02 -4.754099999999999819e-03
-6.534089999999999343e-02 6.009189999999999671e-02 9.437900000000000802e-03
-5.937980000000000341e-02 3.351760000000000156e-02 7.409299999999999740e-03
-3.889990000000000114e-02 3.455260000000000276e-02 3.913010000000000099e-02
2.911029999999999868e-02 7.131389999999999951e-02 4.206830000000000291e-02
3.269100000000000044e-03 6.826649999999999385e-02 -3.306350000000000261e-02
-5.031759999999999705e-02 3.889580000000000121e-02 4.600599999999999828e-02
-7.952549999999999897e-02 9.539359999999999506e-02 3.492789999999999784e-02
-1.518959999999999928e-02 3.914039999999999880e-02 5.146309999999999774e-02
-3.688890000000000224e-02 1.099409999999999971e-01 -1.917790000000000120e-02
-5.887400000000000098e-03 1.088139999999999941e-01 -2.255160000000000151e-02
1.727189999999999975e-02 3.485289999999999916e-02 2.543729999999999949e-02
-1.107990000000000017e-02 9.738629999999999509e-02 5.173950000000000077e-02
-1.868010000000000156e-02 5.250939999999999774e-02 -3.148320000000000285e-02
-6.312979999999999980e-02 1.449060000000000070e-01 -1.011959999999999943e-02
-2.371279999999999916e-02 5.812099999999999905e-02 -3.135820000000000274e-02
-3.645199999999999916e-03 4.966029999999999750e-02 -3.077109999999999915e-02
-8.864560000000000495e-02 9.359420000000000239e-02 2.291419999999999915e-02
4.636470000000000175e-02 7.031869999999999787e-02 3.506399999999999795e-03
1.565010000000000012e-02 1.292069999999999885e-01 1.257929999999999986e-02
-2.060999999999999985e-02 6.534320000000000406e-02 4.923059999999999936e-02
-7.351230000000000264e-02 1.428059999999999885e-01 4.604640000000000122e-02
-3.462069999999999731e-02 5.196850000000000080e-02 -1.025270000000000001e-02
-4.203239999999999754e-02 1.715589999999999893e-01 -1.710600000000000055e-03
-8.990710000000000368e-02 1.338060000000000083e-01 3.521559999999999968e-02
3.081530000000000033e-02 5.255080000000000168e-02 -1.375219999999999915e-02
-2.306079999999999935e-02 5.941239999999999716e-02 4.337989999999999902e-02
-5.060749999999999971e-02 3.352510000000000212e-02 -3.465499999999999831e-03
-4.249569999999999736e-02 1.125300000000000050e-01 3.568179999999999963e-02
-7.253080000000000638e-02 1.610229999999999995e-01 -3.893549999999999789e-02
2.385200000000000167e-02 5.778900000000000009e-02 4.490269999999999678e-02
2.644789999999999988e-02 1.030159999999999965e-01 -1.708700000000000149e-02
1.084399999999999904e-03 1.193420000000000036e-01 -1.453929999999999979e-02
-6.295019999999999782e-02 1.510430000000000106e-01 -6.313700000000000215e-03
-3.485209999999999697e-02 9.721019999999999661e-02 -2.299019999999999883e-02
-4.835550000000000265e-02 1.460180000000000089e-01 -1.173900000000000074e-03
3.863069999999999699e-02 1.069350000000000023e-01 1.162400000000000065e-03
-1.175299999999999999e-03 9.986760000000000081e-02 -2.377730000000000121e-02
-7.893999999999999628e-02 1.295399999999999885e-01 -5.770299999999999908e-03
-7.775039999999999729e-02 1.126759999999999984e-01 -3.821499999999999810e-03
-6.476729999999999987e-02 7.950720000000000010e-02 -1.811039999999999872e-02
-9.250780000000000114e-02 1.214849999999999958e-01 2.928369999999999931e-02
-7.368999999999999682e-03 3.669820000000000026e-02 -1.625060000000000046e-02
-5.201730000000000242e-02 1.462569999999999981e-01 1.740960000000000077e-02
1.482720000000000045e-02 3.444339999999999902e-02 -9.772100000000000578e-03
-2.518650000000000055e-02 1.607949999999999935e-01 -1.395719999999999947e-02
-2.234749999999999931e-02 3.603660000000000196e-02 5.350379999999999719e-02
-6.092689999999999911e-02 1.558489999999999875e-01 2.194489999999999982e-02
-8.339009999999999478e-02 7.627290000000000458e-02 4.512999999999999651e-03
-4.466420000000000112e-02 6.217489999999999822e-02 -1.322010000000000025e-02
-2.583589999999999845e-02 9.451429999999999554e-02 -2.661470000000000155e-02
-5.509349999999999664e-02 6.859579999999999844e-02 3.785020000000000051e-02
-2.551590000000000108e-02 1.085109999999999963e-01 4.012589999999999907e-02
-7.643079999999999319e-02 1.158499999999999946e-01 5.118199999999999833e-02
-4.578059999999999768e-02 8.411209999999999520e-02 -2.137570000000000095e-02
-5.791419999999999901e-02 1.140010000000000051e-01 -1.511550000000000046e-02
2.309939999999999910e-02 7.001250000000000528e-02 4.743209999999999787e-02
4.492099999999999739e-03 1.085850000000000010e-01 4.194579999999999836e-02
-5.007759999999999989e-02 1.367359999999999964e-01 2.195669999999999913e-02
-3.866069999999999923e-02 1.162119999999999959e-01 -1.495110000000000015e-02
-8.709659999999999624e-02 9.951459999999999473e-02 4.421900000000000309e-03
4.299500000000000370e-03 3.408520000000000300e-02 1.623549999999999993e-02
-4.881920000000000009e-02 5.868009999999999893e-02 3.513340000000000213e-02
-9.242000000000000215e-04 3.927300000000000235e-02 -1.171610000000000013e-02
-5.174320000000000308e-02 4.872989999999999960e-02 1.438429999999999917e-02
-6.448550000000000115e-02 9.177710000000000035e-02 4.435519999999999741e-02
-5.256450000000000011e-02 4.173129999999999895e-02 -1.015309999999999997e-02
-4.756910000000000305e-02 4.897340000000000027e-02 -9.364799999999999514e-03
-6.247439999999999938e-02 1.630929999999999880e-01 -4.858819999999999806e-02
-4.281580000000000108e-02 1.265030000000000043e-01 1.901390000000000025e-02
4.825870000000000160e-02 4.600859999999999672e-02 3.825999999999999757e-04
-5.689389999999999725e-02 1.583509999999999918e-01 1.187700000000000084e-03
5.818439999999999723e-02 7.118570000000000453e-02 1.060640000000000020e-02
3.100129999999999900e-02 1.189439999999999942e-01 1.400140000000000065e-02
-6.602439999999999698e-02 1.665530000000000066e-01 -2.624860000000000040e-02
-2.281860000000000138e-02 1.610209999999999975e-01 -3.309799999999999895e-03
1.848870000000000027e-02 9.482140000000000013e-02 4.751480000000000287e-02
-1.348079999999999938e-02 1.086089999999999972e-01 4.266110000000000041e-02
-5.000000000000000104e-04 9.522959999999999758e-02 5.451940000000000258e-02
-4.352570000000000050e-02 1.281829999999999914e-01 1.715560000000000002e-02
-6.327850000000000141e-02 3.476110000000000311e-02 2.326479999999999868e-02
-9.180489999999999484e-02 1.268040000000000000e-01 8.268199999999999855e-03
-2.078620000000000120e-02 6.386060000000000347e-02 4.804060000000000275e-02
-9.153600000000000625e-02 1.474820000000000020e-01 2.213630000000000111e-02
-8.864560000000000495e-02 9.359420000000000239e-02 2.291419999999999915e-02
4.591449999999999698e-02 8.621679999999999622e-02 7.178200000000000032e-03
-9.065829999999999722e-02 1.281499999999999861e-01 6.275099999999999602e-03
-7.832759999999999723e-02 8.394749999999999435e-02 -1.059719999999999933e-02
-4.175439999999999707e-02 3.397010000000000307e-02 -2.799619999999999886e-02
2.136690000000000117e-02 8.514979999999999771e-02 -2.624879999999999922e-02
-7.359820000000000251e-02 1.102759999999999990e-01 4.381560000000000316e-02
4.849810000000000232e-02 6.648719999999999630e-02 2.762279999999999944e-02
-8.649560000000000581e-02 8.469100000000000239e-02 2.047749999999999918e-02
-4.609900000000000109e-03 3.889080000000000314e-02 -2.761200000000000113e-03
-6.639589999999999381e-02 1.482759999999999911e-01 3.937840000000000090e-02
-2.586719999999999992e-02 1.565469999999999917e-01 -8.468699999999999145e-03
-4.628480000000000094e-02 1.318560000000000010e-01 2.049219999999999861e-02
-6.052910000000000235e-02 3.376549999999999691e-02 1.587999999999999828e-02
-1.247949999999999927e-02 5.173520000000000202e-02 5.085429999999999812e-02
-3.886959999999999721e-02 1.056470000000000048e-01 -2.025180000000000036e-02
5.487990000000000229e-02 4.924060000000000242e-02 2.021070000000000158e-02
-5.618929999999999758e-02 1.595580000000000054e-01 5.596099999999999686e-03
-7.580560000000000076e-02 8.918629999999999614e-02 -1.391200000000000075e-02
-5.935370000000000229e-02 1.409970000000000112e-01 3.350260000000000044e-02
-1.626810000000000062e-02 1.185520000000000046e-01 -1.354780000000000047e-02
-3.156260000000000315e-02 3.485730000000000078e-02 4.567979999999999957e-02
4.217959999999999765e-02 8.325219999999999843e-02 2.935530000000000084e-02
-1.048450000000000076e-02 1.086300000000000043e-01 4.293330000000000063e-02
-3.848759999999999681e-02 1.083859999999999962e-01 3.753569999999999823e-02
-5.338849999999999846e-02 1.224940000000000057e-01 -9.382500000000000215e-03
-8.178789999999999671e-02 7.348169999999999702e-02 7.537199999999999976e-03
6.983500000000000124e-03 1.316410000000000080e-01 1.368199999999999972e-02
-2.315029999999999866e-02 1.215060000000000029e-01 -8.577500000000000055e-03
-9.331700000000000064e-03 1.272790000000000032e-01 2.797449999999999937e-02
-7.456780000000000352e-02 1.559309999999999863e-01 2.295900000000000024e-02
-2.865700000000000105e-03 1.045060000000000017e-01 -2.265230000000000021e-02
-5.599959999999999660e-02 1.266829999999999901e-01 -6.424100000000000296e-03
3.506399999999999795e-03 7.027669999999999750e-02 5.588230000000000280e-02
-1.493299999999999923e-03 1.128050000000000025e-01 4.211659999999999709e-02
-6.348349999999999826e-02 8.902430000000000065e-02 4.521410000000000012e-02
-1.851339999999999930e-02 4.738629999999999926e-02 5.025999999999999912e-02
1.948060000000000069e-02 1.070630000000000054e-01 4.090499999999999692e-02
4.825870000000000160e-02 4.600859999999999672e-02 3.825999999999999757e-04
3.344499999999999817e-03 4.963429999999999925e-02 -2.979870000000000088e-02
-3.941069999999999990e-02 1.256039999999999934e-01 2.162700000000000039e-02
3.487919999999999909e-02 3.780519999999999714e-02 2.365499999999999981e-03
-6.249550000000000244e-02 9.043819999999999637e-02 4.527130000000000043e-02
3.903369999999999757e-02 1.025620000000000004e-01 -4.541500000000000398e-03
-6.232039999999999802e-02 4.485030000000000266e-02 1.092360000000000032e-02
-5.149200000000000305e-02 1.070569999999999994e-01 3.939820000000000128e-02
1.449469999999999925e-02 1.057830000000000020e-01 4.343989999999999657e-02
-6.192460000000000325e-02 1.615630000000000122e-01 -2.959169999999999856e-02
-4.341330000000000189e-02 1.243599999999999983e-01 -9.486100000000000781e-03
-7.794779999999999764e-02 1.077020000000000061e-01 3.414699999999999680e-02
-2.654379999999999934e-02 1.771860000000000102e-01 -8.620499999999999691e-03
-9.331700000000000064e-03 1.272790000000000032e-01 2.797449999999999937e-02
-1.647260000000000044e-02 3.877819999999999878e-02 -1.435540000000000080e-02
-7.714400000000000424e-02 1.645389999999999908e-01 -2.306220000000000145e-02
-2.518650000000000055e-02 1.607949999999999935e-01 -1.395719999999999947e-02
-6.185960000000000070e-02 1.352750000000000064e-01 3.690580000000000249e-02
-7.282399999999999984e-02 9.363059999999999439e-02 -1.509070000000000029e-02
-8.413589999999999958e-02 8.321009999999999518e-02 2.749700000000000061e-02
-6.515400000000000358e-02 1.649720000000000075e-01 -2.449370000000000019e-02
-7.794669999999999377e-02 1.701070000000000082e-01 -3.516090000000000187e-02
3.340579999999999938e-02 4.463629999999999681e-02 -5.485499999999999925e-03
-4.175439999999999707e-02 3.397010000000000307e-02 -2.799619999999999886e-02
3.943159999999999721e-02 8.074009999999999521e-02 3.423450000000000104e-02
-7.074779999999999958e-02 1.473089999999999955e-01 -2.783410000000000051e-02
-3.610460000000000058e-02 3.832329999999999764e-02 -1.227870000000000003e-02
2.463800000000000018e-02 1.243780000000000024e-01 1.021400000000000086e-02
-2.391849999999999879e-02 3.833530000000000271e-02 -4.290000000000000410e-03
-3.080259999999999942e-02 3.675640000000000157e-02 5.177740000000000120e-02
-3.408049999999999968e-02 6.809410000000000462e-02 -1.758759999999999837e-02
-1.518959999999999928e-02 3.914039999999999880e-02 5.146309999999999774e-02
-9.287460000000000160e-02 1.228339999999999987e-01 2.828280000000000030e-02
-7.179159999999999708e-02 8.935029999999999362e-02 -1.605670000000000014e-02
-5.532589999999999730e-02 1.268360000000000043e-01 -6.013100000000000389e-03
-7.248960000000000126e-02 1.274299999999999877e-01 5.243040000000000200e-02
-4.723730000000000290e-02 1.343679999999999874e-01 1.715389999999999970e-02
-7.684760000000000202e-02 1.484229999999999994e-01 4.023800000000000293e-02
-8.784859999999999891e-02 1.432329999999999992e-01 3.609740000000000171e-02
-6.461890000000000689e-02 6.913089999999999513e-02 -1.098730000000000019e-02
-8.219920000000000004e-02 9.800129999999999952e-02 3.187510000000000343e-02
-4.451859999999999845e-02 5.336359999999999715e-02 3.867679999999999729e-02
-5.937980000000000341e-02 3.351760000000000156e-02 7.409299999999999740e-03
-3.877889999999999809e-02 3.928569999999999979e-02 4.274309999999999915e-02
-2.306079999999999935e-02 5.941239999999999716e-02 4.337989999999999902e-02
-8.289159999999999584e-02 7.758850000000000469e-02 1.511299999999999926e-03
3.983119999999999716e-02 9.929839999999999500e-02 2.779799999999999979e-02
2.398149999999999935e-02 1.213400000000000034e-01 -2.785099999999999989e-03
-6.412679999999999769e-02 4.058010000000000089e-02 3.961989999999999956e-02
-5.599959999999999660e-02 1.266829999999999901e-01 -6.424100000000000296e-03
-3.688129999999999881e-02 1.085119999999999973e-01 -1.987370000000000109e-02
-6.836399999999999422e-02 1.439610000000000056e-01 4.340200000000000308e-02
-5.073339999999999794e-02 1.479650000000000132e-01 -2.706200000000000185e-03
-7.704389999999999850e-02 1.548130000000000062e-01 -1.013209999999999979e-02
-7.850630000000000108e-02 1.624379999999999991e-01 -2.795790000000000081e-02
-2.021299999999999833e-02 1.786169999999999980e-01 -2.278629999999999892e-02
5.487990000000000229e-02 4.924060000000000242e-02 2.021070000000000158e-02
-1.919179999999999844e-02 1.741840000000000055e-01 -2.279919999999999863e-02
-4.665720000000000284e-02 3.691090000000000343e-02 -1.726990000000000122e-02
-6.198240000000000000e-02 1.662379999999999969e-01 -5.359239999999999837e-02
-8.766870000000000218e-02 9.818949999999999900e-02 4.433300000000000261e-03
1.236220000000000027e-02 5.235250000000000320e-02 -2.839279999999999929e-02
4.216219999999999690e-02 4.275919999999999721e-02 2.524209999999999995e-02
3.023239999999999955e-02 3.741680000000000006e-02 2.330000000000000053e-05
-1.549329999999999978e-02 3.925909999999999817e-02 3.822090000000000209e-02
-4.634069999999999856e-02 6.292059999999999320e-02 3.820919999999999872e-02
-8.369640000000000413e-02 7.634449999999999570e-02 7.524300000000000259e-03
-1.703549999999999856e-02 3.383919999999999983e-02 -2.114020000000000135e-02
-8.440110000000000667e-02 7.777969999999999329e-02 1.051470000000000009e-02
6.292200000000000397e-03 6.398080000000000434e-02 -3.230170000000000263e-02
3.981599999999999723e-02 3.930829999999999741e-02 3.276199999999999946e-03
-4.893150000000000277e-02 1.370780000000000054e-01 1.739419999999999855e-02
4.346909999999999663e-02 6.242829999999999907e-02 2.908969999999999959e-02
-6.424330000000000318e-02 3.384380000000000027e-02 1.148260000000000079e-02
-5.718260000000000010e-02 1.226840000000000014e-01 4.011809999999999682e-02
-3.060819999999999860e-02 1.653020000000000045e-01 -5.818699999999999567e-03
4.352659999999999862e-02 6.640359999999999319e-02 2.652469999999999828e-02
-7.005930000000000490e-02 1.525839999999999974e-01 3.494860000000000327e-02
-6.886630000000000529e-02 1.023280000000000023e-01 -1.477200000000000041e-02
-2.655319999999999903e-02 8.094500000000000306e-02 5.042959999999999804e-02
-3.968479999999999924e-02 3.444130000000000108e-02 3.555479999999999752e-02
1.432270000000000071e-02 3.442549999999999777e-02 2.159319999999999989e-02
-8.649619999999999531e-02 1.128720000000000001e-01 2.807520000000000154e-02
-3.185009999999999925e-02 9.863689999999999958e-02 -2.282000000000000001e-02
-5.281980000000000008e-02 9.273320000000000174e-02 -2.197390000000000107e-02
1.512200000000000003e-03 8.287959999999999772e-02 5.737670000000000270e-02
-4.830870000000000303e-02 1.355369999999999908e-01 7.408500000000000155e-03
-8.573699999999999377e-02 1.109149999999999997e-01 3.877370000000000122e-02
-1.825730000000000061e-02 1.816290000000000127e-01 -1.773349999999999926e-02
