-4.868879999999999736e-02 1.386169999999999902e-01 1.040089999999999938e-02
-4.483480000000000104e-02 9.421010000000000495e-02 -2.203159999999999841e-02
-7.580560000000000076e-02 8.918629999999999614e-02 -1.391200000000000075e-02
3.426959999999999729e-02 6.867990000000000206e-02 3.896399999999999864e-02
4.044480000000000297e-02 9.855029999999999346e-02 2.716609999999999858e-02
-4.717240000000000322e-02 1.339349999999999985e-01 9.815000000000000807e-03
-8.723119999999999485e-02 1.131999999999999951e-01 4.373130000000000073e-02
-3.648110000000000241e-02 9.318279999999999619e-02 4.419979999999999742e-02
3.492499999999999945e-03 1.182880000000000043e-01 3.851129999999999831e-02
-7.102970000000000117e-02 1.638100000000000112e-01 -4.596870000000000123e-02
4.321760000000000185e-02 4.017280000000000156e-02 1.306840000000000085e-02
-6.795729999999999826e-02 6.369679999999999787e-02 2.362579999999999888e-02
-7.456780000000000352e-02 1.559309999999999863e-01 2.295900000000000024e-02
-7.006030000000000590e-02 1.638040000000000052e-01 -4.896589999999999970e-02
-1.966180000000000011e-02 1.277520000000000044e-01 1.404210000000000007e-02
-2.359340000000000048e-02 3.832519999999999677e-02 3.112499999999999815e-03
-3.845000000000000219e-04 1.305219999999999991e-01 2.373399999999999902e-03
-8.645229999999999582e-02 8.996529999999999805e-02 1.479599999999999969e-03
2.145600000000000111e-03 1.193759999999999960e-01 -1.457169999999999993e-02
-5.420230000000000187e-02 4.351619999999999794e-02 1.969100000000000017e-02
-2.886239999999999986e-02 6.067270000000000302e-02 -2.541039999999999965e-02
-7.944750000000000423e-02 7.321750000000000480e-02 2.169480000000000020e-02
-2.951849999999999960e-02 5.792280000000000345e-02 -2.141010000000000135e-02
3.900809999999999694e-02 1.055389999999999939e-01 1.612999999999999905e-04
-2.417909999999999851e-02 1.596849999999999936e-01 -1.738100000000000018e-03
3.930290000000000172e-02 1.019499999999999990e-01 2.707110000000000072e-02
-3.845000000000000219e-04 1.305219999999999991e-01 2.373399999999999902e-03
2.351989999999999983e-02 1.238889999999999991e-01 2.675100000000000134e-03
-4.578059999999999768e-02 8.411209999999999520e-02 -2.137570000000000095e-02
1.392209999999999975e-02 9.131519999999999915e-02 -2.870520000000000016e-02
-6.136099999999999888e-02 3.360790000000000305e-02 6.924600000000000373e-03
-2.661909999999999971e-02 6.185530000000000195e-02 -3.045370000000000021e-02
-6.698089999999999600e-02 1.355349999999999888e-01 -8.278000000000000635e-03
4.213619999999999866e-02 8.459690000000000265e-02 2.932919999999999972e-02
-5.549280000000000185e-02 1.481329999999999869e-01 2.863639999999999936e-02
-2.988359999999999975e-02 4.485999999999999710e-02 -2.822730000000000031e-02
-6.747630000000000294e-02 1.680379999999999929e-01 -5.601479999999999654e-02
-7.061549999999999772e-02 1.732750000000000123e-01 -3.940620000000000234e-02
3.739019999999999844e-02 5.614740000000000009e-02 -6.137799999999999680e-03
4.589449999999999780e-02 7.640619999999999357e-02 4.200100000000000014e-03
-2.771809999999999899e-02 3.822339999999999766e-02 2.370099999999999985e-03
-6.747630000000000294e-02 1.680379999999999929e-01 -5.601479999999999654e-02
1.836880000000000110e-02 7.270719999999999961e-02 5.118480000000000252e-02
-9.036289999999999600e-02 1.152100000000000068e-01 2.529350000000000001e-02
-3.340599999999999820e-02 1.594770000000000076e-01 2.416600000000000085e-03
-2.951849999999999960e-02 5.792280000000000345e-02 -2.141010000000000135e-02
-5.545569999999999666e-02 5.333679999999999671e-02 -3.381799999999999910e-03
3.769709999999999728e-02 3.818030000000000035e-02 1.749519999999999895e-02
-8.909140000000000115e-02 9.564309999999999479e-02 2.042079999999999937e-02
-9.757599999999999954e-03 7.423290000000000444e-02 -3.792170000000000263e-02
-5.262039999999999773e-02 1.416129999999999889e-01 2.240199999999999830e-02
-8.881479999999999930e-02 1.444969999999999866e-01 3.139179999999999748e-02
-1.248649999999999934e-02 1.141279999999999933e-01 4.004950000000000176e-02
-4.387819999999999915e-02 3.431449999999999778e-02 2.949540000000000148e-02
-7.770240000000000480e-02 1.762920000000000043e-01 -5.010470000000000201e-02
-6.369750000000000412e-02 5.936070000000000235e-02 1.042719999999999932e-02
7.534400000000000125e-03 1.043629999999999974e-01 4.366860000000000186e-02
-9.182519999999999571e-02 1.187610000000000054e-01 2.829900000000000124e-02
2.111620000000000164e-02 1.260930000000000106e-01 6.053799999999999806e-03
-5.685889999999999694e-02 5.625070000000000070e-02 5.638800000000000236e-03
-4.066059999999999813e-02 1.565539999999999987e-01 6.017899999999999638e-03
-4.252220000000000305e-02 4.356730000000000325e-02 -2.032110000000000166e-02
1.845669999999999950e-02 1.277939999999999909e-01 9.343900000000000469e-03
-7.850630000000000108e-02 1.624379999999999991e-01 -2.795790000000000081e-02
2.756559999999999913e-02 5.636420000000000319e-02 4.146190000000000292e-02
1.432270000000000071e-02 3.442549999999999777e-02 2.159319999999999989e-02
-5.630020000000000163e-02 1.546810000000000129e-01 2.071649999999999880e-02
-8.407599999999999449e-03 9.322350000000000081e-02 -3.487080000000000041e-02
6.593700000000000082e-03 3.454970000000000263e-02 5.308000000000000218e-03
-4.549949999999999828e-02 1.224090000000000039e-01 -1.142549999999999989e-02
-2.466559999999999933e-02 4.924030000000000074e-02 -2.690820000000000017e-02
-7.192310000000000370e-02 1.557920000000000138e-01 2.534930000000000169e-02
2.484600000000000003e-03 1.141579999999999956e-01 4.100159999999999916e-02
2.075470000000000093e-02 1.043099999999999999e-01 -1.846280000000000143e-02
-3.877889999999999809e-02 3.928569999999999979e-02 4.274309999999999915e-02
5.975110000000000143e-02 5.671430000000000221e-02 1.116810000000000025e-02
-8.711999999999999258e-03 1.711560000000000026e-01 -2.572320000000000162e-02
-6.328839999999999466e-02 4.443629999999999802e-02 3.729319999999999857e-02
-6.176790000000000058e-02 8.246349999999999514e-02 -1.935579999999999939e-02
-8.046010000000000661e-02 1.486830000000000096e-01 1.735999999999999913e-04
3.725230000000000208e-02 6.461129999999999651e-02 3.620559999999999751e-02
5.719860000000000222e-02 5.369220000000000242e-02 5.178799999999999897e-03
-1.722920000000000007e-02 1.045640000000000042e-01 -2.274500000000000133e-02
-3.692959999999999993e-02 4.550989999999999897e-02 -2.482070000000000110e-02
-4.048970000000000347e-02 8.743620000000000558e-02 4.294239999999999863e-02
-5.197689999999999949e-02 3.409949999999999787e-02 -1.343749999999999979e-02
-5.596199999999999786e-02 1.481619999999999882e-01 2.965220000000000009e-02
-6.265859999999999486e-02 6.762129999999999530e-02 -1.039660000000000063e-02
1.917450000000000057e-02 6.049899999999999722e-02 4.870780000000000248e-02
-3.849339999999999706e-02 1.056040000000000034e-01 3.865110000000000073e-02
-4.313750000000000223e-02 1.606519999999999893e-01 -1.008419999999999976e-02
5.309300000000000304e-03 6.107909999999999728e-02 -3.140509999999999829e-02
8.980800000000000588e-03 3.763940000000000341e-02 3.390080000000000177e-02
-6.821549999999999836e-02 7.870290000000000619e-02 4.047930000000000278e-02
-8.203979999999999606e-02 1.502719999999999889e-01 3.397000000000000020e-02
5.906530000000000113e-02 5.526049999999999712e-02 1.617839999999999903e-02
-6.740569999999999895e-02 1.405849999999999878e-01 -8.149899999999999853e-03
-3.736099999999999838e-02 1.550789999999999946e-01 3.747299999999999850e-03
9.838500000000000023e-03 1.304849999999999899e-01 2.043259999999999868e-02
-3.286870000000000069e-02 1.029100000000000015e-01 -2.207749999999999990e-02
-5.237859999999999738e-02 1.382160000000000055e-01 -8.529999999999999985e-05
-3.450469999999999926e-02 1.069950000000000068e-01 3.870649999999999785e-02
-3.027010000000000117e-02 3.651549999999999935e-02 -3.025670000000000096e-02
-3.896340000000000220e-02 1.283040000000000014e-01 1.143090000000000078e-02
-1.966539999999999955e-02 6.831579999999999597e-02 5.242440000000000294e-02
3.307829999999999798e-02 5.345280000000000170e-02 3.532090000000000229e-02
-1.887049999999999839e-02 1.044479999999999992e-01 -2.285660000000000122e-02
-8.496800000000000533e-03 8.154500000000000637e-02 5.795229999999999826e-02
-8.407599999999999449e-03 9.322350000000000081e-02 -3.487080000000000041e-02
2.886129999999999945e-02 5.206960000000000061e-02 3.798529999999999962e-02
5.807650000000000312e-02 5.660380000000000272e-02 2.223429999999999851e-02
-3.784060000000000201e-02 9.573869999999999603e-02 -2.281019999999999923e-02
3.340579999999999938e-02 4.463629999999999681e-02 -5.485499999999999925e-03
-7.956549999999999734e-02 7.117510000000000503e-02 1.814230000000000009e-02
-6.088860000000000106e-02 1.054449999999999971e-01 -1.776060000000000139e-02
-4.022060000000000218e-02 4.331369999999999665e-02 -2.331559999999999883e-02
-1.861619999999999941e-02 3.911830000000000168e-02 3.770180000000000059e-02
4.528970000000000218e-02 8.617909999999999460e-02 2.016309999999999977e-02
-9.889500000000000721e-03 1.073510000000000020e-01 -2.241280000000000008e-02
-5.782020000000000215e-02 1.402849999999999930e-01 -4.534299999999999789e-03
-3.790810000000000013e-02 3.451080000000000120e-02 3.938069999999999765e-02
-2.391849999999999879e-02 3.833530000000000271e-02 -4.290000000000000410e-03
-9.242000000000000215e-04 3.927300000000000235e-02 -1.171610000000000013e-02
-3.890129999999999977e-02 3.368020000000000042e-02 -2.156510000000000024e-02
-5.249179999999999818e-02 1.070659999999999945e-01 3.974319999999999936e-02
-4.642699999999999605e-03 4.820959999999999829e-02 -3.031359999999999957e-02
4.492099999999999739e-03 1.085850000000000010e-01 4.194579999999999836e-02
-6.937290000000000123e-02 1.750809999999999866e-01 -5.604300000000000254e-02
-2.418620000000000145e-02 1.257890000000000119e-01 3.664999999999999855e-03
-5.073339999999999794e-02 1.479650000000000132e-01 -2.706200000000000185e-03
4.253579999999999861e-02 7.104180000000000217e-02 2.800889999999999977e-02
-7.703340000000000187e-02 1.589820000000000122e-01 -1.308499999999999941e-02
-4.317399999999999884e-03 1.306940000000000046e-01 6.654600000000000098e-03
5.442330000000000084e-02 6.355679999999999663e-02 2.765159999999999840e-02
5.782110000000000027e-02 5.374940000000000273e-02 7.176499999999999720e-03
-6.185960000000000070e-02 1.352750000000000064e-01 3.690580000000000249e-02
-7.434899999999999842e-02 1.624390000000000001e-01 -3.495279999999999915e-02
5.911949999999999844e-02 5.666000000000000203e-02 8.174499999999999475e-03
-3.377349999999999797e-02 7.658089999999999342e-02 -2.650270000000000056e-02
-3.011230000000000157e-02 1.637510000000000077e-01 -1.548959999999999920e-02
2.393299999999999941e-02 3.906960000000000294e-02 3.529419999999999780e-02
4.311299999999999855e-02 9.727349999999999886e-02 1.185199999999999969e-03
-1.853679999999999911e-02 1.238149999999999945e-01 2.769129999999999855e-02
8.519799999999999249e-03 7.165380000000000360e-02 5.577460000000000057e-02
-6.751709999999999656e-02 4.092289999999999817e-02 1.054889999999999994e-02
-4.281580000000000108e-02 1.265030000000000043e-01 1.901390000000000025e-02
-4.252220000000000305e-02 4.356730000000000325e-02 -2.032110000000000166e-02
-1.752180000000000057e-02 1.871180000000000065e-01 -1.941479999999999942e-02
-8.621220000000000272e-02 1.113640000000000047e-01 3.474119999999999986e-02
-6.653610000000000080e-02 1.186399999999999955e-01 5.124240000000000045e-02
-1.825730000000000061e-02 1.816290000000000127e-01 -1.773349999999999926e-02
8.519799999999999249e-03 7.165380000000000360e-02 5.577460000000000057e-02
4.418190000000000311e-02 9.454840000000000466e-02 1.915889999999999954e-02
2.498199999999999900e-03 1.196760000000000046e-01 3.752330000000000249e-02
9.443299999999999958e-03 1.289389999999999981e-01 -9.300000000000000541e-04
6.520399999999999981e-03 5.186389999999999750e-02 5.250180000000000125e-02
-2.050820000000000073e-02 4.744210000000000094e-02 5.085540000000000199e-02
-8.861360000000000070e-02 9.698049999999999726e-02 2.239309999999999912e-02
1.038930000000000062e-02 4.343179999999999957e-02 -2.476369999999999960e-02
-6.890440000000000453e-02 1.108439999999999981e-01 -1.114829999999999988e-02
-6.198240000000000000e-02 1.662379999999999969e-01 -5.359239999999999837e-02
3.497530000000000083e-02 1.140369999999999995e-01 5.457799999999999631e-03
1.830060000000000020e-02 3.833410000000000289e-02 -1.772450000000000067e-02
-3.984569999999999779e-02 9.854509999999999659e-02 -2.190869999999999970e-02
3.399660000000000182e-02 3.635120000000000018e-02 1.474679999999999915e-02
-6.424330000000000318e-02 3.384380000000000027e-02 1.148260000000000079e-02
-6.639589999999999381e-02 1.482759999999999911e-01 3.937840000000000090e-02
-2.342179999999999956e-02 7.388469999999999760e-02 5.035010000000000180e-02
2.042000000000000065e-02 1.266589999999999938e-01 1.861880000000000132e-02
2.262079999999999994e-02 1.020940000000000042e-01 4.341140000000000276e-02
-5.049780000000000241e-02 1.593219999999999914e-01 8.519399999999999890e-03
-4.606450000000000128e-02 1.516879999999999895e-01 -5.548299999999999933e-03
-5.626740000000000214e-02 5.210789999999999866e-02 7.702500000000000145e-03
3.727939999999999726e-02 5.744910000000000294e-02 -7.680000000000000195e-03
-7.138980000000000325e-02 1.605669999999999875e-01 -8.014099999999999696e-03
-4.809379999999999905e-02 3.621570000000000344e-02 4.568869999999999876e-02
1.343669999999999934e-02 1.216109999999999969e-01 -1.105109999999999947e-02
3.676820000000000088e-02 8.887209999999999555e-02 3.746300000000000324e-02
3.943159999999999721e-02 8.074009999999999521e-02 3.423450000000000104e-02
2.403179999999999900e-02 5.916029999999999900e-02 4.517639999999999850e-02
-5.479219999999999924e-02 1.531879999999999908e-01 2.418659999999999907e-02
-1.518959999999999928e-02 3.914039999999999880e-02 5.146309999999999774e-02
-7.033499999999999475e-02 3.393850000000000339e-02 4.791899999999999979e-03
-4.066059999999999813e-02 1.565539999999999987e-01 6.017899999999999638e-03
-7.921400000000000663e-02 1.555239999999999956e-01 1.843509999999999940e-02
-6.996420000000000416e-02 1.384620000000000017e-01 -7.767999999999999731e-03
-2.586719999999999992e-02 1.565469999999999917e-01 -8.468699999999999145e-03
-2.954729999999999857e-02 3.582819999999999755e-02 5.213620000000000060e-02
-1.251829999999999957e-02 9.523800000000000321e-02 5.363119999999999693e-02
-4.108789999999999665e-02 1.280600000000000072e-01 3.419000000000000164e-04
-6.142349999999999893e-02 1.722190000000000110e-01 -6.184130000000000182e-02
-1.887049999999999839e-02 1.044479999999999992e-01 -2.285660000000000122e-02
-7.760209999999999331e-02 9.946370000000000211e-02 3.571440000000000031e-02
4.094399999999999776e-03 1.018280000000000018e-01 -2.184200000000000030e-02
3.176230000000000026e-02 9.385770000000000224e-02 -1.733569999999999903e-02
-3.311270000000000185e-02 1.233090000000000019e-01 2.395579999999999932e-02
-1.625390000000000168e-02 1.712509999999999866e-01 -1.668199999999999891e-02
-8.812960000000000238e-02 1.009970000000000034e-01 2.135969999999999883e-02
-6.091579999999999911e-02 1.697950000000000015e-01 -6.086980000000000168e-02
-7.305949999999999944e-02 1.100420000000000009e-01 4.234059999999999907e-02
-1.748289999999999914e-02 3.658789999999999959e-02 5.227249999999999952e-02
-5.390280000000000071e-02 1.112500000000000017e-01 -1.766140000000000071e-02
-3.582620000000000249e-02 9.292980000000000684e-02 -2.380310000000000065e-02
-7.580879999999999563e-02 9.063459999999999572e-02 -1.391359999999999993e-02
-8.186720000000000108e-02 1.206829999999999986e-01 -4.333000000000000046e-03
2.830380000000000049e-02 1.213670000000000027e-01 8.708999999999999728e-03
-4.408129999999999687e-02 3.363920000000000105e-02 -1.143579999999999944e-02
-7.284179999999999822e-02 6.857040000000000357e-02 -1.494700000000000065e-03
-4.576430000000000081e-02 8.116160000000000041e-02 -2.001479999999999926e-02
-4.788719999999999782e-02 3.353359999999999674e-02 -4.754099999999999819e-03
-8.621040000000000647e-02 1.404859999999999998e-01 5.184600000000000146e-03
-3.650359999999999716e-02 4.780790000000000040e-02 3.958860000000000157e-02
2.820759999999999934e-02 7.068290000000000683e-02 -2.275349999999999942e-02
-1.385100000000000003e-03 3.912159999999999943e-02 -7.919100000000000097e-03
-5.743790000000000007e-02 5.768329999999999985e-02 2.603900000000000138e-03
-5.985449999999999798e-02 4.678270000000000345e-02 -3.271999999999999843e-04
-3.052099999999999952e-02 6.365410000000000512e-02 -2.242769999999999833e-02
-2.467770000000000033e-02 3.668110000000000120e-02 5.412789999999999963e-02
1.005980000000000069e-02 3.715639999999999915e-02 3.094890000000000141e-02
-3.675880000000000120e-02 1.720730000000000037e-01 -1.250429999999999944e-02
-4.310880000000000267e-02 3.478810000000000235e-02 4.152170000000000166e-02
-6.856810000000000682e-02 1.566289999999999905e-01 -5.299720000000000125e-02
-5.245369999999999894e-02 5.045240000000000141e-02 3.066429999999999850e-02
3.284870000000000151e-02 8.763890000000000569e-02 4.234140000000000126e-02
-3.377349999999999797e-02 7.658089999999999342e-02 -2.650270000000000056e-02
-4.576430000000000081e-02 8.116160000000000041e-02 -2.001479999999999926e-02
-8.351519999999999777e-02 1.500110000000000054e-01 3.301489999999999980e-02
2.785239999999999938e-02 1.153929999999999956e-01 3.165980000000000183e-02
-4.348500000000000282e-02 1.098670000000000063e-01 3.815310000000000229e-02
-5.743790000000000007e-02 5.768329999999999985e-02 2.603900000000000138e-03
4.458859999999999907e-02 8.333069999999999367e-02 2.416959999999999942e-02
4.216219999999999690e-02 4.275919999999999721e-02 2.524209999999999995e-02
-6.579309999999999325e-02 3.491450000000000109e-02 2.960679999999999909e-02
-4.330080000000000040e-02 3.458769999999999900e-02 3.641339999999999855e-02
-3.485209999999999697e-02 9.721019999999999661e-02 -2.299019999999999883e-02
3.868830000000000185e-02 7.670390000000000541e-02 3.486329999999999985e-02
-9.948200000000000792e-03 3.894550000000000095e-02 -1.134229999999999960e-02
-2.839440000000000019e-02 1.742239999999999900e-01 -7.793900000000000307e-03
-7.181440000000000046e-02 1.478919999999999957e-01 -3.044569999999999915e-02
-5.026010000000000200e-02 5.430839999999999973e-02 1.664020000000000082e-02
2.494280000000000108e-02 9.688549999999999940e-02 4.501530000000000115e-02
2.136690000000000117e-02 8.514979999999999771e-02 -2.624879999999999922e-02
2.494280000000000108e-02 9.688549999999999940e-02 4.501530000000000115e-02
-3.766629999999999978e-02 6.219559999999999672e-02 -1.297230000000000084e-02
-4.349850000000000244e-02 1.125769999999999965e-01 3.573010000000000075e-02
-2.761639999999999928e-02 4.228980000000000239e-02 -2.936739999999999837e-02
-8.687949999999999839e-02 9.272529999999999661e-02 3.420600000000000203e-03
4.636470000000000175e-02 7.031869999999999787e-02 3.506399999999999795e-03
-6.176790000000000058e-02 8.246349999999999514e-02 -1.935579999999999939e-02
-3.278029999999999833e-02 7.931169999999999887e-02 -2.851990000000000081e-02
-2.850520000000000137e-02 1.179899999999999977e-01 3.097810000000000147e-02
-4.436820000000000347e-02 1.297639999999999905e-01 1.533900000000000020e-02
-2.277739999999999973e-02 7.135610000000000563e-02 -3.788980000000000126e-02
-1.607180000000000067e-02 1.248709999999999959e-01 -4.204300000000000224e-03
-9.120590000000000641e-02 1.488200000000000078e-01 1.514569999999999979e-02
-7.944750000000000423e-02 7.321750000000000480e-02 2.169480000000000020e-02
